DISCGRP
(group 101a )
(attribute Hyperbolic )
(dimn 3 )
(ngens 12 )
(gens
a
    0.66237473   -0.42507491    0.88008505   -0.62767714
   -0.65384501   -0.94948018    0.65384501   -0.86979264
    0.47488055    -2.0088105      -0.03946    -1.8062084
   -0.30292767     2.0291677    -0.4512428     2.3265655

b
    0.66237473   -0.65384501    0.47488055    0.30292767
   -0.42507491   -0.94948018    -2.0088105    -2.0291677
    0.88008505    0.65384501      -0.03946     0.4512428
    0.62767714    0.86979264     1.8062084     2.3265655

c
    0.36602539   -0.06939514    0.93060488   -0.06939514
     1.9306049   -0.36602539   -0.93060488     1.9306049
    0.93060488    0.93060488   -0.36602539    0.93060488
     1.9306049    0.06939514   -0.93060488     2.3660254

d
    0.36602539     1.9306049    0.93060488    -1.9306049
   -0.06939514   -0.36602539    0.93060488   -0.06939514
    0.93060488   -0.93060488   -0.36602539    0.93060488
    0.06939514    -1.9306049   -0.93060488     2.3660254

e
   -0.77675986    -1.0140597     1.9250748    -2.0826871
    0.75717026   -0.28157547    0.91654527   -0.70188802
   -0.21218036    0.79634935    0.62844467   -0.27227831
    0.47083235    0.86126298     -1.985173     2.4298906

f
   -0.77675986    0.75717026   -0.21218036   -0.47083235
    -1.0140597   -0.28157547    0.79634935   -0.86126298
     1.9250748    0.91654527    0.62844467      1.985173
     2.0826871    0.70188802    0.27227831     2.4298906

g
     1.8453875    0.59374714   0.074157573    -1.6623747
   -0.33685777    -1.2224727    0.18854263    0.80216014
      1.280808     0.4645882    -1.2224727    -1.5332158
    -2.0394599    -1.0309303    0.73176992     2.5995579

h
     1.8453875   -0.33685777      1.280808     2.0394599
    0.59374714    -1.2224727     0.4645882     1.0309303
   0.074157573    0.18854263    -1.2224727   -0.73176992
     1.6623747   -0.80216014     1.5332158     2.5995579

i
   -0.39831513   -0.91790462  -0.032289729   0.047397759
   -0.98729986    0.46289459      1.943305     -1.991348
   -0.37291476     0.1466748    -1.7389402     1.4780027
    0.52199733   -0.27988189    -2.4086075     2.6743608

j
   -0.39831513   -0.98729986   -0.37291476   -0.52199733
   -0.91790462    0.46289459     0.1466748    0.27988189
  -0.032289729      1.943305    -1.7389402     2.4086075
  -0.047397759      1.991348    -1.4780027     2.6743608

k
    0.31145737    -1.5741575    -1.4597725     1.9250748
   -0.41478261    0.31145737   -0.94018298    0.39114487
     1.2028831   -0.41478261    -1.3003975     1.5198705
    0.84615499    -1.3217497    -1.9250748     2.6774828

l
    0.31145737   -0.41478261     1.2028831   -0.84615499
    -1.5741575    0.31145737   -0.41478261     1.3217497
    -1.4597725   -0.94018298    -1.3003975     1.9250748
    -1.9250748   -0.39114487    -1.5198705     2.6774828

)
(cpoint 0.000000 0.000000 0.000000 1.000000 )
