DISCGRP
(group 101b )
(attribute Hyperbolic )
(dimn 3 )
(ngens 14 )
(gens
a
     1.3660254             0             0   -0.93060488
             0   -0.36602539    0.93060488             0
             0   -0.93060488   -0.36602539             0
   -0.93060488             0             0     1.3660254

b
     1.3660254             0             0    0.93060488
             0   -0.36602539   -0.93060488             0
             0    0.93060488   -0.36602539             0
    0.93060488             0             0     1.3660254

c
   -0.41143784    0.35355341    0.88681328   -0.28411075
   -0.35355341    0.91143787   -0.76204914    0.73241919
   -0.88681328   -0.76204914   0.088562168   -0.61237246
    0.28411075    0.73241919   -0.61237246     1.4114379

d
   -0.41143784   -0.35355341   -0.88681328   -0.28411075
    0.35355341    0.91143787   -0.76204914   -0.73241919
    0.88681328   -0.76204914   0.088562168    0.61237246
    0.28411075   -0.73241919    0.61237246     1.4114379

e
   -0.29763967    0.95468229  -0.0044223098   -0.00521645
     1.1645558    0.37555724     1.1271179    -1.3295217
    0.64153272    0.19651297   -0.74158263    0.01124354
    -0.9253884   -0.30179277   -0.90573674     1.6636651

f
   -0.29763967    -1.1645558   -0.64153272     0.9253884
   -0.95468229    0.37555724    0.19651297   -0.30179277
  0.0044223098     1.1271179   -0.74158263   -0.90573674
    0.00521645    -1.3295217    0.01124354     1.6636651

g
   -0.29763967     1.1645558    0.64153272     0.9253884
    0.95468229    0.37555724    0.19651297    0.30179277
  -0.0044223098     1.1271179   -0.74158263    0.90573674
    0.00521645     1.3295217   -0.01124354     1.6636651

h
   -0.29763967   -0.95468229  0.0044223098   -0.00521645
    -1.1645558    0.37555724     1.1271179     1.3295217
   -0.64153272    0.19651297   -0.74158263   -0.01124354
    -0.9253884    0.30179277    0.90573674     1.6636651

i
    -1.0786567    0.14367995    0.24085826   -0.49209425
   -0.14367995   -0.21263124     1.3199079   -0.89889526
   -0.24085826     1.3199079     1.2126312    -1.5068656
    0.49209425   -0.89889526    -1.5068656     2.0786567

j
    -1.0786567   -0.14367995   -0.24085826   -0.49209425
    0.14367995   -0.21263124     1.3199079    0.89889526
    0.24085826     1.3199079     1.2126312     1.5068656
    0.49209425    0.89889526     1.5068656     2.0786567

k
   -0.82642937   -0.19862992     1.7812862    -1.7015934
   -0.69586319     -1.042776    0.36134577   -0.83796078
     0.6536147   -0.56925911    0.67675066   -0.45744896
    0.77098858    0.67148465    -1.6617892     2.1924548

l
   -0.82642937    0.69586319    -0.6536147   -0.77098858
    0.19862992     -1.042776   -0.56925911    0.67148465
    -1.7812862    0.36134577    0.67675066    -1.6617892
     1.7015934   -0.83796078   -0.45744896     2.1924548

K
   -0.82642955   -0.69586337     0.6536147   -0.77098894
   -0.19862986    -1.0427761   -0.56925905   -0.67148447
      1.781286    0.36134571    0.67675048     1.6617888
     1.7015933    0.83796078    0.45744881     2.1924546

L
   -0.82642937    0.19863003    -1.7812862    -1.7015934
    0.69586331    -1.0427763    0.36134583    0.83796102
   -0.65361476   -0.56925905    0.67675042    0.45744881
    0.77098846   -0.67148483     1.6617889     2.1924548

)
(cpoint 0.000000 0.000000 0.000000 1.000000 )
