DISCGRP
(group 94a )
(comment "  Smallest volume hyperbolic manifold?  " )
(attribute Hyperbolic )
(dimn 3 )
(ngens 18 )
(gens
a
    0.69515771     0.9325555   -0.44641247    0.74309361
     0.9325555  -0.032798689    0.59483933    0.47388759
    0.44641247   -0.59483933   -0.67271382   0.075245082
    0.74309361    0.47388759  -0.075245082     1.3350728

b
    0.69515771     0.9325555    0.44641247   -0.74309361
     0.9325555  -0.032798689   -0.59483933   -0.47388759
   -0.44641247    0.59483933   -0.67271382   0.075245082
   -0.74309361   -0.47388759  -0.075245082     1.3350728

c
   -0.68359327   -0.69526094   -0.41063213   -0.34540731
    0.61666775   -0.01459119    -0.8171525     0.2196137
    0.39042497    -1.2022747    0.57508993    -0.9636516
   -0.00323719    0.96388018   -0.40876076     1.4478124

d
   -0.68359327   -0.69526094    0.41063213    0.34540731
    0.61666775   -0.01459119     0.8171525    -0.2196137
   -0.39042497     1.2022747    0.57508993    -0.9636516
    0.00323719   -0.96388018   -0.40876076     1.4478124

e
   -0.68359327    0.61666775   -0.39042497   -0.00323719
   -0.69526094   -0.01459119     1.2022747    0.96388018
    0.41063213     0.8171525    0.57508993    0.40876076
   -0.34540731     0.2196137     0.9636516     1.4478124

f
   -0.68359327    0.61666775    0.39042497    0.00323719
   -0.69526094   -0.01459119    -1.2022747   -0.96388018
   -0.41063213    -0.8171525    0.57508993    0.40876076
    0.34540731    -0.2196137     0.9636516     1.4478124

g
  -0.076824293   -0.42700848   -0.93487066    0.24944204
    0.75604057   -0.90628034     0.5796203   -0.85375696
     -1.607969   -0.20775621   -0.11486502     1.2813746
    -1.4707357    0.21643215   -0.47237352     1.8528473

h
  -0.076824293   -0.42700848    0.93487066   -0.24944204
    0.75604057   -0.90628034    -0.5796203    0.85375696
      1.607969    0.20775621   -0.11486502     1.2813746
     1.4707357   -0.21643215   -0.47237352     1.8528473

i
  -0.076824293    0.75604057      1.607969    -1.4707357
   -0.42700848   -0.90628034    0.20775621    0.21643215
    0.93487066    -0.5796203   -0.11486502    0.47237352
    0.24944204   -0.85375696    -1.2813746     1.8528473

j
  -0.076824293    0.75604057     -1.607969     1.4707357
   -0.42700848   -0.90628034   -0.20775621   -0.21643215
   -0.93487066     0.5796203   -0.11486502    0.47237352
   -0.24944204    0.85375696    -1.2813746     1.8528473

k
    0.27656791   -0.88842064    0.40909496   -0.18204314
    -1.7498865   -0.38950139     1.1830077     -1.900874
   -0.48701927   -0.50451517   -0.72039133   -0.10337843
     1.5413568    0.44219697    -1.0420315     2.1580429

l
    0.27656791   -0.88842064   -0.40909496    0.18204314
    -1.7498865   -0.38950139    -1.1830077      1.900874
    0.48701927    0.50451517   -0.72039133   -0.10337843
    -1.5413568   -0.44219697    -1.0420315     2.1580429

m
    0.27656791    -1.7498865   -0.48701927    -1.5413568
   -0.88842064   -0.38950139   -0.50451517   -0.44219697
    0.40909496     1.1830077   -0.72039133     1.0420315
    0.18204314      1.900874    0.10337843     2.1580429

n
    0.27656791    -1.7498865    0.48701927     1.5413568
   -0.88842064   -0.38950139    0.50451517    0.44219697
   -0.40909496    -1.1830077   -0.72039133     1.0420315
   -0.18204314     -1.900874    0.10337843     2.1580429

o
    0.81944591   -0.41962752     1.7334049    -1.6888669
    0.66800648    0.19330809    -1.1760963     0.9310227
    0.18612789    0.89538449    0.79072976   -0.67941928
   -0.39034319    0.12316083    -2.0032845     2.2761118

p
    0.81944591   -0.41962752    -1.7334049     1.6888669
    0.66800648    0.19330809     1.1760963    -0.9310227
   -0.18612789   -0.89538449    0.79072976   -0.67941928
    0.39034319   -0.12316083    -2.0032845     2.2761118

r
    0.81944591    0.66800648   -0.18612789   -0.39034319
   -0.41962752    0.19330809   -0.89538449    0.12316083
    -1.7334049     1.1760963    0.79072976     2.0032845
    -1.6888669     0.9310227    0.67941928     2.2761118

s
    0.81944591    0.66800648    0.18612789    0.39034319
   -0.41962752    0.19330809    0.89538449   -0.12316083
     1.7334049    -1.1760963    0.79072976     2.0032845
     1.6888669    -0.9310227    0.67941928     2.2761118

)
(cpoint 0.000000 0.000000 0.000000 1.000000 )
