DISCGRP
(group 94b )
(comment "  Smallest volume hyperbolic manifold?  " )
(attribute Hyperbolic )
(dimn 3 )
(ngens 18 )
(gens
a
  -0.048432771    0.53946757    -1.2293712   -0.89706439
   -0.64358145   -0.93467182  0.0067009302    0.53651971
   -0.79742205    0.52994418    0.29093555   0.036963571
   -0.22896452   -0.66744101    0.77203745     1.4470468

b
  -0.048432771    0.53946757     1.2293712    0.89706439
   -0.64358145   -0.93467182  -0.0067009302   -0.53651971
    0.79742205   -0.52994418    0.29093555   0.036963571
    0.22896452    0.66744101    0.77203745     1.4470468

c
  -0.048432771   -0.64358145    0.79742205   -0.22896452
    0.53946757   -0.93467182   -0.52994418   -0.66744101
     1.2293712  -0.0067009302    0.29093555   -0.77203745
   -0.89706439    0.53651971  -0.036963571     1.4470468

d
  -0.048432771   -0.64358145   -0.79742205    0.22896452
    0.53946757   -0.93467182    0.52994418    0.66744101
    -1.2293712  0.0067009302    0.29093555   -0.77203745
    0.89706439   -0.53651971  -0.036963571     1.4470468

e
     1.0941947    0.64803386   -0.01528549    -0.7857756
    0.64803386   -0.43183565    0.82143694   -0.53027219
    0.01528549   -0.82143694   -0.85671443    0.63949347
    -0.7857756   -0.53027219   -0.63949347     1.5190735

f
     1.0941947    0.64803386    0.01528549     0.7857756
    0.64803386   -0.43183565   -0.82143694    0.53027219
   -0.01528549    0.82143694   -0.85671443    0.63949347
     0.7857756    0.53027219   -0.63949347     1.5190735

g
   -0.66216111    0.78015375  -0.0088203801   -0.21719833
   -0.53177488  -0.036023311      1.656855    -1.4245176
    0.72973353    0.62916303    0.26876017  -0.024273572
    0.50373894  -0.076050997    -1.3481388     1.7541423

h
   -0.66216111    0.78015375  0.0088203801    0.21719833
   -0.53177488  -0.036023311     -1.656855     1.4245176
   -0.72973353   -0.62916303    0.26876017  -0.024273572
   -0.50373894   0.076050997    -1.3481388     1.7541423

i
   -0.66216111   -0.53177488   -0.72973353    0.50373894
    0.78015375  -0.036023311   -0.62916303  -0.076050997
  0.0088203801     -1.656855    0.26876017     1.3481388
   -0.21719833    -1.4245176   0.024273572     1.7541423

j
   -0.66216111   -0.53177488    0.72973353   -0.50373894
    0.78015375  -0.036023311    0.62916303   0.076050997
  -0.0088203801      1.656855    0.26876017     1.3481388
    0.21719833     1.4245176   0.024273572     1.7541423

k
    0.84087801    0.50452042    0.54290265   -0.50632006
   -0.58311361    0.17187595    0.79599869  -0.056362201
    0.98707831    -1.2011001     1.0970596    -1.6187973
    -1.0106537    0.85248089    -1.0639064     1.9697821

l
    0.84087801    0.50452042   -0.54290265    0.50632006
   -0.58311361    0.17187595   -0.79599869   0.056362201
   -0.98707831     1.2011001     1.0970596    -1.6187973
     1.0106537   -0.85248089    -1.0639064     1.9697821

m
    0.84087801   -0.58311361   -0.98707831    -1.0106537
    0.50452042    0.17187595     1.2011001    0.85248089
   -0.54290265   -0.79599869     1.0970596     1.0639064
   -0.50632006  -0.056362201     1.6187973     1.9697821

n
    0.84087801   -0.58311361    0.98707831     1.0106537
    0.50452042    0.17187595    -1.2011001   -0.85248089
    0.54290265    0.79599869     1.0970596     1.0639064
    0.50632006   0.056362201     1.6187973     1.9697821

o
   -0.41325793   -0.94610953   -0.64901817   -0.69794691
   -0.94610953     1.5756168  -0.035764281     1.5423913
    0.64901817   0.035764281   -0.83344561   -0.34225029
   -0.69794691     1.5423913    0.34225029     1.9958048

p
   -0.41325793   -0.94610953    0.64901817    0.69794691
   -0.94610953     1.5756168   0.035764281    -1.5423913
   -0.64901817  -0.035764281   -0.83344561   -0.34225029
    0.69794691    -1.5423913    0.34225029     1.9958048

r
   -0.38950139    -1.7498865     1.1830077     -1.900874
   -0.88842064    0.27656791    0.40909496   -0.18204314
   -0.50451517   -0.48701927   -0.72039133   -0.10337843
    0.44219697     1.5413568    -1.0420315     2.1580429

R
   -0.38950133   -0.88842058   -0.50451523   -0.44219705
    -1.7498868    0.27656788    -0.4870193    -1.5413573
     1.1830078    0.40909493   -0.72039133     1.0420315
     1.9008741    0.18204316    0.10337844     2.1580429

)
(cpoint 0.000000 0.000000 0.000000 1.000000 )
