DISCGRP
(group borrom3 )
(attribute Hyperbolic )
(dimn 3 )
(ngens 12 )
(gens
a
    -1.6513901       1.15139             0      -1.74722
      -1.15139          -0.5             0   -0.75874501
             0             0             1             0
       1.74722   -0.75874501             0     2.1513901

b
    -1.6513901       1.15139             0       1.74722
      -1.15139          -0.5             0    0.75874501
             0             0             1             0
      -1.74722    0.75874501             0     2.1513901

c
             1             0             0             0
             0    -1.6513901       1.15139      -1.74722
             0      -1.15139          -0.5   -0.75874501
             0       1.74722   -0.75874501     2.1513901

d
             1             0             0             0
             0    -1.6513901       1.15139       1.74722
             0      -1.15139          -0.5    0.75874501
             0      -1.74722    0.75874501     2.1513901

e
          -0.5             0      -1.15139   -0.75874501
             0             1             0             0
       1.15139             0    -1.6513901      -1.74722
   -0.75874501             0       1.74722     2.1513901

f
          -0.5             0      -1.15139    0.75874501
             0             1             0             0
       1.15139             0    -1.6513901       1.74722
    0.75874501             0      -1.74722     2.1513901

g
    -1.6513901      -1.15139             0      -1.74722
       1.15139          -0.5             0    0.75874501
             0             0             1             0
       1.74722    0.75874501             0     2.1513901

h
    -1.6513901      -1.15139             0       1.74722
       1.15139          -0.5             0   -0.75874501
             0             0             1             0
      -1.74722   -0.75874501             0     2.1513901

i
             1             0             0             0
             0    -1.6513901      -1.15139      -1.74722
             0       1.15139          -0.5    0.75874501
             0       1.74722    0.75874501     2.1513901

j
             1             0             0             0
             0    -1.6513901      -1.15139       1.74722
             0       1.15139          -0.5   -0.75874501
             0      -1.74722   -0.75874501     2.1513901

k
          -0.5             0       1.15139    0.75874501
             0             1             0             0
      -1.15139             0    -1.6513901      -1.74722
    0.75874501             0       1.74722     2.1513901

l
          -0.5             0       1.15139   -0.75874501
             0             1             0             0
      -1.15139             0    -1.6513901       1.74722
   -0.75874501             0      -1.74722     2.1513901

)
(cpoint 0.000000 0.000000 0.000000 1.000000 )
