TLIST
#  myenum -d 2 -m 5 5 -g br4.gens
# 
  1.000000	  0.000000	  0.000000	  0.000000	
  0.000000	  1.000000	  0.000000	  0.000000	
  0.000000	  0.000000	  1.000000	  0.000000	
  0.000000	  0.000000	  0.000000	  1.000000	
# a
 -1.618030	  1.618030	  0.000000	 -2.058170	
 -1.618030	  0.000000	  0.000000	 -1.272020	
  0.000000	  0.000000	  1.000000	  0.000000	
  2.058170	 -1.272020	  0.000000	  2.618030	
# b
 -1.618030	  1.618030	  0.000000	  2.058170	
 -1.618030	  0.000000	  0.000000	  1.272020	
  0.000000	  0.000000	  1.000000	  0.000000	
 -2.058170	  1.272020	  0.000000	  2.618030	
# c
  1.000000	  0.000000	  0.000000	  0.000000	
  0.000000	 -1.618030	  1.618030	 -2.058170	
  0.000000	 -1.618030	  0.000000	 -1.272020	
  0.000000	  2.058170	 -1.272020	  2.618030	
# d
  1.000000	  0.000000	  0.000000	  0.000000	
  0.000000	 -1.618030	  1.618030	  2.058170	
  0.000000	 -1.618030	  0.000000	  1.272020	
  0.000000	 -2.058170	  1.272020	  2.618030	
# e
  0.000000	  0.000000	 -1.618030	 -1.272020	
  0.000000	  1.000000	  0.000000	  0.000000	
  1.618030	  0.000000	 -1.618030	 -2.058170	
 -1.272020	  0.000000	  2.058170	  2.618030	
# f
  0.000000	  0.000000	 -1.618030	  1.272020	
  0.000000	  1.000000	  0.000000	  0.000000	
  1.618030	  0.000000	 -1.618030	  2.058170	
  1.272020	  0.000000	 -2.058170	  2.618030	
# g
 -1.618030	 -1.618030	  0.000000	 -2.058170	
  1.618030	  0.000000	  0.000000	  1.272020	
  0.000000	  0.000000	  1.000000	  0.000000	
  2.058170	  1.272020	  0.000000	  2.618030	
# h
 -1.618030	 -1.618030	  0.000000	  2.058170	
  1.618030	  0.000000	  0.000000	 -1.272020	
  0.000000	  0.000000	  1.000000	  0.000000	
 -2.058170	 -1.272020	  0.000000	  2.618030	
# i
  1.000000	  0.000000	  0.000000	  0.000000	
  0.000000	 -1.618030	 -1.618030	 -2.058170	
  0.000000	  1.618030	  0.000000	  1.272020	
  0.000000	  2.058170	  1.272020	  2.618030	
# j
  1.000000	  0.000000	  0.000000	  0.000000	
  0.000000	 -1.618030	 -1.618030	  2.058170	
  0.000000	  1.618030	  0.000000	 -1.272020	
  0.000000	 -2.058170	 -1.272020	  2.618030	
# k
  0.000000	  0.000000	  1.618030	  1.272020	
  0.000000	  1.000000	  0.000000	  0.000000	
 -1.618030	  0.000000	 -1.618030	 -2.058170	
  1.272020	  0.000000	  2.058170	  2.618030	
# l
  0.000000	  0.000000	  1.618030	 -1.272020	
  0.000000	  1.000000	  0.000000	  0.000000	
 -1.618030	  0.000000	 -1.618030	  2.058170	
 -1.272020	  0.000000	 -2.058170	  2.618030	
# la
 -2.618033	  1.618035	  1.618030	 -3.330187	
 -1.618030	  0.000000	  0.000000	 -1.272020	
  6.854085	 -5.236054	 -1.618030	  8.718532	
  7.446517	 -5.388353	 -2.058170	  9.472115	
# lb
  2.618033	 -1.618035	  1.618030	 -3.330187	
 -1.618030	  0.000000	  0.000000	  1.272020	
 -1.618043	  0.000012	 -1.618030	  2.058170	
 -3.330185	  1.272020	 -2.058170	  4.236048	
# lc
  0.000000	 -5.236054	  1.618035	 -5.388353	
  0.000000	 -1.618030	  1.618030	 -2.058170	
 -1.618030	  6.854085	 -2.618033	  7.446517	
 -1.272020	  8.718532	 -3.330187	  9.472115	
# ld
  0.000000	  0.000012	 -1.618035	 -1.272020	
  0.000000	 -1.618030	  1.618030	  2.058170	
 -1.618030	 -1.618043	  2.618033	  3.330185	
 -1.272020	 -2.058170	  3.330187	  4.236048	
# le
  4.236056	  0.000000	 -5.236054	 -6.660367	
  0.000000	  1.000000	  0.000000	  0.000000	
 -5.236054	  0.000000	  9.472106	 10.776698	
 -6.660367	  0.000000	 10.776698	 12.708180	
# lg
 -2.618033	 -1.618035	  1.618030	 -3.330187	
  1.618030	  0.000000	  0.000000	  1.272020	
  6.854085	  5.236054	 -1.618030	  8.718532	
  7.446517	  5.388353	 -2.058170	  9.472115	
# lh
  2.618033	  1.618035	  1.618030	 -3.330187	
  1.618030	  0.000000	  0.000000	 -1.272020	
 -1.618043	 -0.000012	 -1.618030	  2.058170	
 -3.330185	 -1.272020	 -2.058170	  4.236048	
# li
  0.000000	 -0.000012	 -1.618035	 -1.272020	
  0.000000	 -1.618030	 -1.618030	 -2.058170	
 -1.618030	  1.618043	  2.618033	  3.330185	
 -1.272020	  2.058170	  3.330187	  4.236048	
# lj
  0.000000	  5.236054	  1.618035	 -5.388353	
  0.000000	 -1.618030	 -1.618030	  2.058170	
 -1.618030	 -6.854085	 -2.618033	  7.446517	
 -1.272020	 -8.718532	 -3.330187	  9.472115	
# lk
 -4.236056	  0.000000	 -5.236054	 -6.660367	
  0.000000	  1.000000	  0.000000	  0.000000	
  5.236054	  0.000000	  4.236064	  6.660366	
  6.660367	  0.000000	  6.660366	  9.472111	
# ll
 -0.999986	  0.000000	  0.000012	 -0.000006	
  0.000000	  1.000000	  0.000000	  0.000000	
 -0.000012	  0.000000	 -4.236064	  4.116337	
 -0.000006	  0.000000	 -4.116337	  4.236052	
# ka
  2.618033	 -1.618035	  1.618030	  3.330187	
 -1.618030	  0.000000	  0.000000	 -1.272020	
 -1.618043	  0.000012	 -1.618030	 -2.058170	
  3.330185	 -1.272020	  2.058170	  4.236048	
# kb
 -2.618033	  1.618035	  1.618030	  3.330187	
 -1.618030	  0.000000	  0.000000	  1.272020	
  6.854085	 -5.236054	 -1.618030	 -8.718532	
 -7.446517	  5.388353	  2.058170	  9.472115	
# kc
  0.000000	  0.000012	 -1.618035	  1.272020	
  0.000000	 -1.618030	  1.618030	 -2.058170	
 -1.618030	 -1.618043	  2.618033	 -3.330185	
  1.272020	  2.058170	 -3.330187	  4.236048	
# kd
  0.000000	 -5.236054	  1.618035	  5.388353	
  0.000000	 -1.618030	  1.618030	  2.058170	
 -1.618030	  6.854085	 -2.618033	 -7.446517	
  1.272020	 -8.718532	  3.330187	  9.472115	
# kf
  4.236056	  0.000000	 -5.236054	  6.660367	
  0.000000	  1.000000	  0.000000	  0.000000	
 -5.236054	  0.000000	  9.472106	-10.776698	
  6.660367	  0.000000	-10.776698	 12.708180	
# kg
  2.618033	  1.618035	  1.618030	  3.330187	
  1.618030	  0.000000	  0.000000	  1.272020	
 -1.618043	 -0.000012	 -1.618030	 -2.058170	
  3.330185	  1.272020	  2.058170	  4.236048	
# kh
 -2.618033	 -1.618035	  1.618030	  3.330187	
  1.618030	  0.000000	  0.000000	 -1.272020	
  6.854085	  5.236054	 -1.618030	 -8.718532	
 -7.446517	 -5.388353	  2.058170	  9.472115	
# ki
  0.000000	  5.236054	  1.618035	  5.388353	
  0.000000	 -1.618030	 -1.618030	 -2.058170	
 -1.618030	 -6.854085	 -2.618033	 -7.446517	
  1.272020	  8.718532	  3.330187	  9.472115	
# kj
  0.000000	 -0.000012	 -1.618035	  1.272020	
  0.000000	 -1.618030	 -1.618030	  2.058170	
 -1.618030	  1.618043	  2.618033	 -3.330185	
  1.272020	 -2.058170	 -3.330187	  4.236048	
# kk
 -0.999986	  0.000000	  0.000012	  0.000006	
  0.000000	  1.000000	  0.000000	  0.000000	
 -0.000012	  0.000000	 -4.236064	 -4.116337	
  0.000006	  0.000000	  4.116337	  4.236052	
# kl
 -4.236056	  0.000000	 -5.236054	  6.660367	
  0.000000	  1.000000	  0.000000	  0.000000	
  5.236054	  0.000000	  4.236064	 -6.660366	
 -6.660367	  0.000000	 -6.660366	  9.472111	
# ja
 -1.618030	  1.618030	  0.000000	 -2.058170	
  6.854085	 -2.618033	 -1.618030	  7.446517	
 -5.236054	  1.618035	  0.000000	 -5.388353	
  8.718532	 -3.330187	 -1.272020	  9.472115	
# jb
 -1.618030	  1.618030	  0.000000	  2.058170	
 -1.618043	  2.618033	 -1.618030	  3.330185	
  0.000012	 -1.618035	  0.000000	 -1.272020	
 -2.058170	  3.330187	 -1.272020	  4.236048	
# jc
  1.000000	  0.000000	  0.000000	  0.000000	
  0.000000	  9.472106	 -5.236054	 10.776698	
  0.000000	 -5.236054	  4.236056	 -6.660367	
  0.000000	 10.776698	 -6.660367	 12.708180	
# je
  0.000000	  0.000000	 -1.618030	 -1.272020	
 -5.236054	 -1.618030	  6.854085	  8.718532	
  1.618035	  1.618030	 -2.618033	 -3.330187	
 -5.388353	 -2.058170	  7.446517	  9.472115	
# jg
 -1.618030	 -1.618030	  0.000000	 -2.058170	
  1.618043	  2.618033	 -1.618030	  3.330185	
 -0.000012	 -1.618035	  0.000000	 -1.272020	
  2.058170	  3.330187	 -1.272020	  4.236048	
# jh
 -1.618030	 -1.618030	  0.000000	  2.058170	
 -6.854085	 -2.618033	 -1.618030	  7.446517	
  5.236054	  1.618035	  0.000000	 -5.388353	
 -8.718532	 -3.330187	 -1.272020	  9.472115	
# ji
  1.000000	  0.000000	  0.000000	  0.000000	
  0.000000	  4.236064	  5.236054	  6.660366	
  0.000000	 -5.236054	 -4.236056	 -6.660367	
  0.000000	  6.660366	  6.660367	  9.472111	
# jj
  1.000000	  0.000000	  0.000000	  0.000000	
  0.000000	 -4.236064	 -0.000012	  4.116337	
  0.000000	  0.000012	 -0.999986	 -0.000006	
  0.000000	 -4.116337	 -0.000006	  4.236053	
# jk
  0.000000	  0.000000	  1.618030	  1.272020	
  5.236054	 -1.618030	  6.854085	  8.718532	
 -1.618035	  1.618030	 -2.618033	 -3.330187	
  5.388353	 -2.058170	  7.446517	  9.472115	
# jl
  0.000000	  0.000000	  1.618030	 -1.272020	
 -0.000012	 -1.618030	 -1.618043	  2.058170	
  1.618035	  1.618030	  2.618033	 -3.330187	
 -1.272020	 -2.058170	 -3.330185	  4.236048	
# ia
 -1.618030	  1.618030	  0.000000	 -2.058170	
 -1.618043	  2.618033	 -1.618030	 -3.330185	
  0.000012	 -1.618035	  0.000000	  1.272020	
  2.058170	 -3.330187	  1.272020	  4.236048	
# ib
 -1.618030	  1.618030	  0.000000	  2.058170	
  6.854085	 -2.618033	 -1.618030	 -7.446517	
 -5.236054	  1.618035	  0.000000	  5.388353	
 -8.718532	  3.330187	  1.272020	  9.472115	
# id
  1.000000	  0.000000	  0.000000	  0.000000	
  0.000000	  9.472106	 -5.236054	-10.776698	
  0.000000	 -5.236054	  4.236056	  6.660367	
  0.000000	-10.776698	  6.660367	 12.708180	
# if
  0.000000	  0.000000	 -1.618030	  1.272020	
 -5.236054	 -1.618030	  6.854085	 -8.718532	
  1.618035	  1.618030	 -2.618033	  3.330187	
  5.388353	  2.058170	 -7.446517	  9.472115	
# ig
 -1.618030	 -1.618030	  0.000000	 -2.058170	
 -6.854085	 -2.618033	 -1.618030	 -7.446517	
  5.236054	  1.618035	  0.000000	  5.388353	
  8.718532	  3.330187	  1.272020	  9.472115	
# ih
 -1.618030	 -1.618030	  0.000000	  2.058170	
  1.618043	  2.618033	 -1.618030	 -3.330185	
 -0.000012	 -1.618035	  0.000000	  1.272020	
 -2.058170	 -3.330187	  1.272020	  4.236048	
# ii
  1.000000	  0.000000	  0.000000	  0.000000	
  0.000000	 -4.236064	 -0.000012	 -4.116337	
  0.000000	  0.000012	 -0.999986	  0.000006	
  0.000000	  4.116337	  0.000006	  4.236053	
# ij
  1.000000	  0.000000	  0.000000	  0.000000	
  0.000000	  4.236064	  5.236054	 -6.660366	
  0.000000	 -5.236054	 -4.236056	  6.660367	
  0.000000	 -6.660366	 -6.660367	  9.472111	
# ik
  0.000000	  0.000000	  1.618030	  1.272020	
 -0.000012	 -1.618030	 -1.618043	 -2.058170	
  1.618035	  1.618030	  2.618033	  3.330187	
  1.272020	  2.058170	  3.330185	  4.236048	
# il
  0.000000	  0.000000	  1.618030	 -1.272020	
  5.236054	 -1.618030	  6.854085	 -8.718532	
 -1.618035	  1.618030	 -2.618033	  3.330187	
 -5.388353	  2.058170	 -7.446517	  9.472115	
# ha
  9.472106	 -5.236054	  0.000000	 10.776698	
 -5.236054	  4.236056	  0.000000	 -6.660367	
  0.000000	  0.000000	  1.000000	  0.000000	
 10.776698	 -6.660367	  0.000000	 12.708180	
# hc
 -1.618030	  6.854085	 -5.236054	  8.718532	
  1.618030	 -2.618033	  1.618035	 -3.330187	
  0.000000	 -1.618030	  0.000000	 -1.272020	
 -2.058170	  7.446517	 -5.388353	  9.472115	
# he
 -2.618033	 -1.618030	  6.854085	  7.446517	
  1.618035	  0.000000	 -5.236054	 -5.388353	
  1.618030	  0.000000	 -1.618030	 -2.058170	
 -3.330187	 -1.272020	  8.718532	  9.472115	
# hf
  2.618033	 -1.618030	 -1.618043	  3.330185	
 -1.618035	  0.000000	  0.000012	 -1.272020	
  1.618030	  0.000000	 -1.618030	  2.058170	
  3.330187	 -1.272020	 -2.058170	  4.236048	
# hg
  4.236064	  5.236054	  0.000000	  6.660366	
 -5.236054	 -4.236056	  0.000000	 -6.660367	
  0.000000	  0.000000	  1.000000	  0.000000	
  6.660366	  6.660367	  0.000000	  9.472111	
# hh
 -4.236064	 -0.000012	  0.000000	  4.116337	
  0.000012	 -0.999986	  0.000000	 -0.000006	
  0.000000	  0.000000	  1.000000	  0.000000	
 -4.116337	 -0.000006	  0.000000	  4.236053	
# hi
 -1.618030	  6.854085	  5.236054	  8.718532	
  1.618030	 -2.618033	 -1.618035	 -3.330187	
  0.000000	  1.618030	  0.000000	  1.272020	
 -2.058170	  7.446517	  5.388353	  9.472115	
# hj
 -1.618030	 -1.618043	 -0.000012	  2.058170	
  1.618030	  2.618033	  1.618035	 -3.330187	
  0.000000	  1.618030	  0.000000	 -1.272020	
 -2.058170	 -3.330185	 -1.272020	  4.236048	
# hl
 -2.618033	 -1.618030	 -6.854085	  7.446517	
  1.618035	  0.000000	  5.236054	 -5.388353	
 -1.618030	  0.000000	 -1.618030	  2.058170	
 -3.330187	 -1.272020	 -8.718532	  9.472115	
# gb
  9.472106	 -5.236054	  0.000000	-10.776698	
 -5.236054	  4.236056	  0.000000	  6.660367	
  0.000000	  0.000000	  1.000000	  0.000000	
-10.776698	  6.660367	  0.000000	 12.708180	
# gd
 -1.618030	  6.854085	 -5.236054	 -8.718532	
  1.618030	 -2.618033	  1.618035	  3.330187	
  0.000000	 -1.618030	  0.000000	  1.272020	
  2.058170	 -7.446517	  5.388353	  9.472115	
# ge
  2.618033	 -1.618030	 -1.618043	 -3.330185	
 -1.618035	  0.000000	  0.000012	  1.272020	
  1.618030	  0.000000	 -1.618030	 -2.058170	
 -3.330187	  1.272020	  2.058170	  4.236048	
# gf
 -2.618033	 -1.618030	  6.854085	 -7.446517	
  1.618035	  0.000000	 -5.236054	  5.388353	
  1.618030	  0.000000	 -1.618030	  2.058170	
  3.330187	  1.272020	 -8.718532	  9.472115	
# gg
 -4.236064	 -0.000012	  0.000000	 -4.116337	
  0.000012	 -0.999986	  0.000000	  0.000006	
  0.000000	  0.000000	  1.000000	  0.000000	
  4.116337	  0.000006	  0.000000	  4.236053	
# gh
  4.236064	  5.236054	  0.000000	 -6.660366	
 -5.236054	 -4.236056	  0.000000	  6.660367	
  0.000000	  0.000000	  1.000000	  0.000000	
 -6.660366	 -6.660367	  0.000000	  9.472111	
# gi
 -1.618030	 -1.618043	 -0.000012	 -2.058170	
  1.618030	  2.618033	  1.618035	  3.330187	
  0.000000	  1.618030	  0.000000	  1.272020	
  2.058170	  3.330185	  1.272020	  4.236048	
# gj
 -1.618030	  6.854085	  5.236054	 -8.718532	
  1.618030	 -2.618033	 -1.618035	  3.330187	
  0.000000	  1.618030	  0.000000	 -1.272020	
  2.058170	 -7.446517	 -5.388353	  9.472115	
# gk
 -2.618033	 -1.618030	 -6.854085	 -7.446517	
  1.618035	  0.000000	  5.236054	  5.388353	
 -1.618030	  0.000000	 -1.618030	 -2.058170	
  3.330187	  1.272020	  8.718532	  9.472115	
# fb
 -2.618033	  1.618035	 -1.618030	  3.330187	
 -1.618030	  0.000000	  0.000000	  1.272020	
 -6.854085	  5.236054	 -1.618030	  8.718532	
 -7.446517	  5.388353	 -2.058170	  9.472115	
# fc
  0.000000	  5.236054	 -1.618035	  5.388353	
  0.000000	 -1.618030	  1.618030	 -2.058170	
  1.618030	  6.854085	 -2.618033	  7.446517	
  1.272020	  8.718532	 -3.330187	  9.472115	
# fd
  0.000000	 -0.000012	  1.618035	  1.272020	
  0.000000	 -1.618030	  1.618030	  2.058170	
  1.618030	 -1.618043	  2.618033	  3.330185	
  1.272020	 -2.058170	  3.330187	  4.236048	
# fe
 -4.236056	  0.000000	  5.236054	  6.660367	
  0.000000	  1.000000	  0.000000	  0.000000	
 -5.236054	  0.000000	  4.236064	  6.660366	
 -6.660367	  0.000000	  6.660366	  9.472111	
# fg
  2.618033	  1.618035	 -1.618030	  3.330187	
  1.618030	  0.000000	  0.000000	  1.272020	
  1.618043	  0.000012	 -1.618030	  2.058170	
  3.330185	  1.272020	 -2.058170	  4.236048	
# fh
 -2.618033	 -1.618035	 -1.618030	  3.330187	
  1.618030	  0.000000	  0.000000	 -1.272020	
 -6.854085	 -5.236054	 -1.618030	  8.718532	
 -7.446517	 -5.388353	 -2.058170	  9.472115	
# fj
  0.000000	 -5.236054	 -1.618035	  5.388353	
  0.000000	 -1.618030	 -1.618030	  2.058170	
  1.618030	 -6.854085	 -2.618033	  7.446517	
  1.272020	 -8.718532	 -3.330187	  9.472115	
# fk
  4.236056	  0.000000	  5.236054	  6.660367	
  0.000000	  1.000000	  0.000000	  0.000000	
  5.236054	  0.000000	  9.472106	 10.776698	
  6.660367	  0.000000	 10.776698	 12.708180	
# ea
 -2.618033	  1.618035	 -1.618030	 -3.330187	
 -1.618030	  0.000000	  0.000000	 -1.272020	
 -6.854085	  5.236054	 -1.618030	 -8.718532	
  7.446517	 -5.388353	  2.058170	  9.472115	
# ec
  0.000000	 -0.000012	  1.618035	 -1.272020	
  0.000000	 -1.618030	  1.618030	 -2.058170	
  1.618030	 -1.618043	  2.618033	 -3.330185	
 -1.272020	  2.058170	 -3.330187	  4.236048	
# ed
  0.000000	  5.236054	 -1.618035	 -5.388353	
  0.000000	 -1.618030	  1.618030	  2.058170	
  1.618030	  6.854085	 -2.618033	 -7.446517	
 -1.272020	 -8.718532	  3.330187	  9.472115	
# ef
 -4.236056	  0.000000	  5.236054	 -6.660367	
  0.000000	  1.000000	  0.000000	  0.000000	
 -5.236054	  0.000000	  4.236064	 -6.660366	
  6.660367	  0.000000	 -6.660366	  9.472111	
# eg
 -2.618033	 -1.618035	 -1.618030	 -3.330187	
  1.618030	  0.000000	  0.000000	  1.272020	
 -6.854085	 -5.236054	 -1.618030	 -8.718532	
  7.446517	  5.388353	  2.058170	  9.472115	
# eh
  2.618033	  1.618035	 -1.618030	 -3.330187	
  1.618030	  0.000000	  0.000000	 -1.272020	
  1.618043	  0.000012	 -1.618030	 -2.058170	
 -3.330185	 -1.272020	  2.058170	  4.236048	
# ei
  0.000000	 -5.236054	 -1.618035	 -5.388353	
  0.000000	 -1.618030	 -1.618030	 -2.058170	
  1.618030	 -6.854085	 -2.618033	 -7.446517	
 -1.272020	  8.718532	  3.330187	  9.472115	
# el
  4.236056	  0.000000	  5.236054	 -6.660367	
  0.000000	  1.000000	  0.000000	  0.000000	
  5.236054	  0.000000	  9.472106	-10.776698	
 -6.660367	  0.000000	-10.776698	 12.708180	
# da
 -1.618030	  1.618030	  0.000000	 -2.058170	
  6.854085	 -2.618033	  1.618030	  7.446517	
  5.236054	 -1.618035	  0.000000	  5.388353	
  8.718532	 -3.330187	  1.272020	  9.472115	
# db
 -1.618030	  1.618030	  0.000000	  2.058170	
 -1.618043	  2.618033	  1.618030	  3.330185	
 -0.000012	  1.618035	  0.000000	  1.272020	
 -2.058170	  3.330187	  1.272020	  4.236048	
# dc
  1.000000	  0.000000	  0.000000	  0.000000	
  0.000000	  4.236064	 -5.236054	  6.660366	
  0.000000	  5.236054	 -4.236056	  6.660367	
  0.000000	  6.660366	 -6.660367	  9.472111	
# df
  0.000000	  0.000000	 -1.618030	  1.272020	
  5.236054	 -1.618030	 -6.854085	  8.718532	
  1.618035	 -1.618030	 -2.618033	  3.330187	
  5.388353	 -2.058170	 -7.446517	  9.472115	
# dh
 -1.618030	 -1.618030	  0.000000	  2.058170	
 -6.854085	 -2.618033	  1.618030	  7.446517	
 -5.236054	 -1.618035	  0.000000	  5.388353	
 -8.718532	 -3.330187	  1.272020	  9.472115	
# di
  1.000000	  0.000000	  0.000000	  0.000000	
  0.000000	  9.472106	  5.236054	 10.776698	
  0.000000	  5.236054	  4.236056	  6.660367	
  0.000000	 10.776698	  6.660367	 12.708180	
# dl
  0.000000	  0.000000	  1.618030	 -1.272020	
 -5.236054	 -1.618030	 -6.854085	  8.718532	
 -1.618035	 -1.618030	 -2.618033	  3.330187	
 -5.388353	 -2.058170	 -7.446517	  9.472115	
# ca
 -1.618030	  1.618030	  0.000000	 -2.058170	
 -1.618043	  2.618033	  1.618030	 -3.330185	
 -0.000012	  1.618035	  0.000000	 -1.272020	
  2.058170	 -3.330187	 -1.272020	  4.236048	
# cb
 -1.618030	  1.618030	  0.000000	  2.058170	
  6.854085	 -2.618033	  1.618030	 -7.446517	
  5.236054	 -1.618035	  0.000000	 -5.388353	
 -8.718532	  3.330187	 -1.272020	  9.472115	
# cd
  1.000000	  0.000000	  0.000000	  0.000000	
  0.000000	  4.236064	 -5.236054	 -6.660366	
  0.000000	  5.236054	 -4.236056	 -6.660367	
  0.000000	 -6.660366	  6.660367	  9.472111	
# ce
  0.000000	  0.000000	 -1.618030	 -1.272020	
  5.236054	 -1.618030	 -6.854085	 -8.718532	
  1.618035	 -1.618030	 -2.618033	 -3.330187	
 -5.388353	  2.058170	  7.446517	  9.472115	
# cg
 -1.618030	 -1.618030	  0.000000	 -2.058170	
 -6.854085	 -2.618033	  1.618030	 -7.446517	
 -5.236054	 -1.618035	  0.000000	 -5.388353	
  8.718532	  3.330187	 -1.272020	  9.472115	
# cj
  1.000000	  0.000000	  0.000000	  0.000000	
  0.000000	  9.472106	  5.236054	-10.776698	
  0.000000	  5.236054	  4.236056	 -6.660367	
  0.000000	-10.776698	 -6.660367	 12.708180	
# ck
  0.000000	  0.000000	  1.618030	  1.272020	
 -5.236054	 -1.618030	 -6.854085	 -8.718532	
 -1.618035	 -1.618030	 -2.618033	 -3.330187	
  5.388353	  2.058170	  7.446517	  9.472115	
# ba
  4.236064	 -5.236054	  0.000000	  6.660366	
  5.236054	 -4.236056	  0.000000	  6.660367	
  0.000000	  0.000000	  1.000000	  0.000000	
  6.660366	 -6.660367	  0.000000	  9.472111	
# bd
 -1.618030	 -6.854085	  5.236054	  8.718532	
 -1.618030	 -2.618033	  1.618035	  3.330187	
  0.000000	 -1.618030	  0.000000	  1.272020	
 -2.058170	 -7.446517	  5.388353	  9.472115	
# be
 -2.618033	  1.618030	  6.854085	  7.446517	
 -1.618035	  0.000000	  5.236054	  5.388353	
  1.618030	  0.000000	 -1.618030	 -2.058170	
 -3.330187	  1.272020	  8.718532	  9.472115	
# bg
  9.472106	  5.236054	  0.000000	 10.776698	
  5.236054	  4.236056	  0.000000	  6.660367	
  0.000000	  0.000000	  1.000000	  0.000000	
 10.776698	  6.660367	  0.000000	 12.708180	
# bj
 -1.618030	 -6.854085	 -5.236054	  8.718532	
 -1.618030	 -2.618033	 -1.618035	  3.330187	
  0.000000	  1.618030	  0.000000	 -1.272020	
 -2.058170	 -7.446517	 -5.388353	  9.472115	
# bl
 -2.618033	  1.618030	 -6.854085	  7.446517	
 -1.618035	  0.000000	 -5.236054	  5.388353	
 -1.618030	  0.000000	 -1.618030	  2.058170	
 -3.330187	  1.272020	 -8.718532	  9.472115	
# ab
  4.236064	 -5.236054	  0.000000	 -6.660366	
  5.236054	 -4.236056	  0.000000	 -6.660367	
  0.000000	  0.000000	  1.000000	  0.000000	
 -6.660366	  6.660367	  0.000000	  9.472111	
# ac
 -1.618030	 -6.854085	  5.236054	 -8.718532	
 -1.618030	 -2.618033	  1.618035	 -3.330187	
  0.000000	 -1.618030	  0.000000	 -1.272020	
  2.058170	  7.446517	 -5.388353	  9.472115	
# af
 -2.618033	  1.618030	  6.854085	 -7.446517	
 -1.618035	  0.000000	  5.236054	 -5.388353	
  1.618030	  0.000000	 -1.618030	  2.058170	
  3.330187	 -1.272020	 -8.718532	  9.472115	
# ah
  9.472106	  5.236054	  0.000000	-10.776698	
  5.236054	  4.236056	  0.000000	 -6.660367	
  0.000000	  0.000000	  1.000000	  0.000000	
-10.776698	 -6.660367	  0.000000	 12.708180	
# ai
 -1.618030	 -6.854085	 -5.236054	 -8.718532	
 -1.618030	 -2.618033	 -1.618035	 -3.330187	
  0.000000	  1.618030	  0.000000	  1.272020	
  2.058170	  7.446517	  5.388353	  9.472115	
# ak
 -2.618033	  1.618030	 -6.854085	 -7.446517	
 -1.618035	  0.000000	 -5.236054	 -5.388353	
 -1.618030	  0.000000	 -1.618030	 -2.058170	
  3.330187	 -1.272020	  8.718532	  9.472115	
