DISCGRP
(group fig8 )
(attribute Hyperbolic )
(dimn 3 )
(ngens 8 )
(gens
a
    0.83333337    0.28867513          -0.5   -0.16666667
   -0.86602545           0.5   -0.86602545    0.86602545
           0.5    0.86602545             1            -1
   -0.83333337   -0.28867513            -1     1.6666667

b
   -0.16666667    0.86602545          -0.5   -0.16666667
   -0.86602545           0.5    0.86602545   -0.86602545
           0.5    0.86602545             1            -1
    0.16666667   -0.86602545            -1     1.6666667

c
    0.83333337    0.86602545          -0.5    0.83333337
   -0.28867513           0.5    0.86602545   -0.28867513
           0.5   -0.86602545             1            -1
    0.16666667    0.86602545            -1     1.6666667

d
   -0.16666667   -0.86602545           0.5   -0.16666667
    0.86602545           0.5    0.86602545    0.86602545
          -0.5    0.86602545             1             1
    0.16666667    0.86602545             1     1.6666667

e
    0.33333331    -1.1547005             0   -0.66666669
     1.1547005             1             0     1.1547005
             0             0             1             0
    0.66666669     1.1547005             0     1.6666667

f
    0.33333331     1.1547005             0   -0.66666669
    -1.1547005             1             0    -1.1547005
             0             0             1             0
    0.66666669    -1.1547005             0     1.6666667

g
    0.83333337   -0.28867513           0.5   -0.16666667
    0.86602545           0.5   -0.86602545   -0.86602545
          -0.5    0.86602545             1             1
   -0.83333337    0.28867513             1     1.6666667

h
    0.83333337   -0.86602545           0.5    0.83333337
    0.28867513           0.5    0.86602545    0.28867513
          -0.5   -0.86602545             1             1
    0.16666667   -0.86602545             1     1.6666667

)
(cpoint 0.000000 0.000000 0.000000 1.000000 )
