# 
1.000000	0.000000	0.000000	0.000000	
0.000000	1.000000	0.000000	0.000000	
0.000000	0.000000	1.000000	0.000000	
0.000000	0.000000	0.000000	1.000000	

# a
1.000000	0.000000	0.000000	0.000000	
0.000000	-1.000000	0.000000	0.000000	
0.000000	0.000000	1.000000	0.000000	
0.000000	0.000000	0.000000	1.000000	

# ab
1.000000	0.000000	0.000000	0.000000	
0.000000	-1.000000	0.000000	0.000000	
0.000000	0.000000	-1.000000	0.000000	
0.000000	0.000000	0.000000	1.000000	

# abc
0.000000	0.707107	0.707107	0.000000	
-0.707107	-0.500000	0.500000	0.000000	
-0.707107	0.500000	-0.500000	0.000000	
0.000000	0.000000	0.000000	1.000000	

# abca
0.000000	-0.707107	0.707107	0.000000	
-0.707107	0.500000	0.500000	0.000000	
-0.707107	-0.500000	-0.500000	0.000000	
0.000000	0.000000	0.000000	1.000000	

# abcab
0.000000	-0.707107	-0.707107	0.000000	
-0.707107	0.500000	-0.500000	0.000000	
-0.707107	-0.500000	0.500000	0.000000	
0.000000	0.000000	0.000000	1.000000	

# abcabc
-1.000001	0.000000	0.000000	0.000000	
0.000000	0.000000	-1.000000	0.000000	
0.000000	-1.000000	0.000000	0.000000	
0.000000	0.000000	0.000000	1.000000	

# abcb
0.000000	0.707107	-0.707107	0.000000	
-0.707107	-0.500000	-0.500000	0.000000	
-0.707107	0.500000	0.500000	0.000000	
0.000000	0.000000	0.000000	1.000000	

# ac
0.000000	0.707107	0.707107	0.000000	
-0.707107	-0.500000	0.500000	0.000000	
0.707107	-0.500000	0.500000	0.000000	
0.000000	0.000000	0.000000	1.000000	

# aca
0.000000	-0.707107	0.707107	0.000000	
-0.707107	0.500000	0.500000	0.000000	
0.707107	0.500000	0.500000	0.000000	
0.000000	0.000000	0.000000	1.000000	

# acab
0.000000	-0.707107	-0.707107	0.000000	
-0.707107	0.500000	-0.500000	0.000000	
0.707107	0.500000	-0.500000	0.000000	
0.000000	0.000000	0.000000	1.000000	

# acabc
-1.000001	0.000000	0.000000	0.000000	
0.000000	0.000000	-1.000000	0.000000	
0.000000	1.000000	0.000000	0.000000	
0.000000	0.000000	0.000000	1.000000	

# acb
0.000000	0.707107	-0.707107	0.000000	
-0.707107	-0.500000	-0.500000	0.000000	
0.707107	-0.500000	-0.500000	0.000000	
0.000000	0.000000	0.000000	1.000000	

# b
1.000000	0.000000	0.000000	0.000000	
0.000000	1.000000	0.000000	0.000000	
0.000000	0.000000	-1.000000	0.000000	
0.000000	0.000000	0.000000	1.000000	

# bc
0.000000	0.707107	0.707107	0.000000	
0.707107	0.500000	-0.500000	0.000000	
-0.707107	0.500000	-0.500000	0.000000	
0.000000	0.000000	0.000000	1.000000	

# bca
0.000000	-0.707107	0.707107	0.000000	
0.707107	-0.500000	-0.500000	0.000000	
-0.707107	-0.500000	-0.500000	0.000000	
0.000000	0.000000	0.000000	1.000000	

# bcab
0.000000	-0.707107	-0.707107	0.000000	
0.707107	-0.500000	0.500000	0.000000	
-0.707107	-0.500000	0.500000	0.000000	
0.000000	0.000000	0.000000	1.000000	

# bcabc
-1.000001	0.000000	0.000000	0.000000	
0.000000	0.000000	1.000000	0.000000	
0.000000	-1.000000	0.000000	0.000000	
0.000000	0.000000	0.000000	1.000000	

# bcb
0.000000	0.707107	-0.707107	0.000000	
0.707107	0.500000	0.500000	0.000000	
-0.707107	0.500000	0.500000	0.000000	
0.000000	0.000000	0.000000	1.000000	

# c
0.000000	0.707107	0.707107	0.000000	
0.707107	0.500000	-0.500000	0.000000	
0.707107	-0.500000	0.500000	0.000000	
0.000000	0.000000	0.000000	1.000000	

# ca
0.000000	-0.707107	0.707107	0.000000	
0.707107	-0.500000	-0.500000	0.000000	
0.707107	0.500000	0.500000	0.000000	
0.000000	0.000000	0.000000	1.000000	

# cab
0.000000	-0.707107	-0.707107	0.000000	
0.707107	-0.500000	0.500000	0.000000	
0.707107	0.500000	-0.500000	0.000000	
0.000000	0.000000	0.000000	1.000000	

# cabc
-1.000001	0.000000	0.000000	0.000000	
0.000000	0.000000	1.000000	0.000000	
0.000000	1.000000	0.000000	0.000000	
0.000000	0.000000	0.000000	1.000000	

# cb
0.000000	0.707107	-0.707107	0.000000	
0.707107	0.500000	0.500000	0.000000	
0.707107	-0.500000	-0.500000	0.000000	
0.000000	0.000000	0.000000	1.000000	

