# 
1.000000	0.000000	0.000000	0.000000	
0.000000	1.000000	0.000000	0.000000	
0.000000	0.000000	1.000000	0.000000	
0.000000	0.000000	0.000000	1.000000	

# a
1.000000	0.000000	0.000000	0.000000	
0.000000	-1.000000	0.000000	0.000000	
0.000000	0.000000	1.000000	0.000000	
0.000000	0.000000	0.000000	1.000000	

# ab
1.000000	0.000000	0.000000	0.000000	
0.000000	-1.000000	0.000000	0.000000	
0.000000	0.000000	-1.000000	0.000000	
0.000000	0.000000	0.000000	1.000000	

# abc
0.500000	0.707107	0.500000	0.000000	
-0.707107	0.000000	0.707107	0.000000	
-0.500000	0.707107	-0.500000	0.000000	
0.000000	0.000000	0.000000	1.000000	

# abca
0.500000	-0.707107	0.500000	0.000000	
-0.707107	0.000000	0.707107	0.000000	
-0.500000	-0.707107	-0.500000	0.000000	
0.000000	0.000000	0.000000	1.000000	

# abcab
0.500000	-0.707107	-0.500000	0.000000	
-0.707107	0.000000	-0.707107	0.000000	
-0.500000	-0.707107	0.500000	0.000000	
0.000000	0.000000	0.000000	1.000000	

# abcabc
-0.500000	0.707107	0.500000	0.000000	
-0.707107	0.000000	-0.707107	0.000000	
-0.500000	-0.707107	0.500000	0.000000	
0.000000	0.000000	0.000000	1.000000	

# abcabca
-0.500000	-0.707107	0.500000	0.000000	
-0.707107	0.000000	-0.707107	0.000000	
-0.500000	0.707107	0.500000	0.000000	
0.000000	0.000000	0.000000	1.000000	

# abcabcab
-0.500000	-0.707107	-0.500000	0.000000	
-0.707107	0.000000	0.707107	0.000000	
-0.500000	0.707107	-0.500000	0.000000	
0.000000	0.000000	0.000000	1.000000	

# abcabcabc
-1.000001	0.000000	0.000000	0.000000	
0.000000	-1.000001	0.000000	0.000000	
0.000000	0.000000	-1.000001	0.000000	
0.000000	0.000000	0.000000	1.000000	

# abcabcb
-0.500000	0.707107	-0.500000	0.000000	
-0.707107	0.000000	0.707107	0.000000	
-0.500000	-0.707107	-0.500000	0.000000	
0.000000	0.000000	0.000000	1.000000	

# abcac
0.000000	0.000000	1.000000	0.000000	
0.000000	-1.000001	0.000000	0.000000	
-1.000000	0.000000	0.000000	0.000000	
0.000000	0.000000	0.000000	1.000000	

# abcacb
0.000000	0.000000	-1.000000	0.000000	
0.000000	-1.000001	0.000000	0.000000	
-1.000000	0.000000	0.000000	0.000000	
0.000000	0.000000	0.000000	1.000000	

# abcb
0.500000	0.707107	-0.500000	0.000000	
-0.707107	0.000000	-0.707107	0.000000	
-0.500000	0.707107	0.500000	0.000000	
0.000000	0.000000	0.000000	1.000000	

# ac
0.500000	0.707107	0.500000	0.000000	
-0.707107	0.000000	0.707107	0.000000	
0.500000	-0.707107	0.500000	0.000000	
0.000000	0.000000	0.000000	1.000000	

# aca
0.500000	-0.707107	0.500000	0.000000	
-0.707107	0.000000	0.707107	0.000000	
0.500000	0.707107	0.500000	0.000000	
0.000000	0.000000	0.000000	1.000000	

# acab
0.500000	-0.707107	-0.500000	0.000000	
-0.707107	0.000000	-0.707107	0.000000	
0.500000	0.707107	-0.500000	0.000000	
0.000000	0.000000	0.000000	1.000000	

# acabc
-0.500000	0.707107	0.500000	0.000000	
-0.707107	0.000000	-0.707107	0.000000	
0.500000	0.707107	-0.500000	0.000000	
0.000000	0.000000	0.000000	1.000000	

# acabca
-0.500000	-0.707107	0.500000	0.000000	
-0.707107	0.000000	-0.707107	0.000000	
0.500000	-0.707107	-0.500000	0.000000	
0.000000	0.000000	0.000000	1.000000	

# acabcab
-0.500000	-0.707107	-0.500000	0.000000	
-0.707107	0.000000	0.707107	0.000000	
0.500000	-0.707107	0.500000	0.000000	
0.000000	0.000000	0.000000	1.000000	

# acabcabc
-1.000001	0.000000	0.000000	0.000000	
0.000000	-1.000001	0.000000	0.000000	
0.000000	0.000000	1.000001	0.000000	
0.000000	0.000000	0.000000	1.000000	

# acabcb
-0.500000	0.707107	-0.500000	0.000000	
-0.707107	0.000000	0.707107	0.000000	
0.500000	0.707107	0.500000	0.000000	
0.000000	0.000000	0.000000	1.000000	

# acac
0.000000	0.000000	1.000000	0.000000	
0.000000	-1.000001	0.000000	0.000000	
1.000000	0.000000	0.000000	0.000000	
0.000000	0.000000	0.000000	1.000000	

# acacb
0.000000	0.000000	-1.000000	0.000000	
0.000000	-1.000001	0.000000	0.000000	
1.000000	0.000000	0.000000	0.000000	
0.000000	0.000000	0.000000	1.000000	

# acb
0.500000	0.707107	-0.500000	0.000000	
-0.707107	0.000000	-0.707107	0.000000	
0.500000	-0.707107	-0.500000	0.000000	
0.000000	0.000000	0.000000	1.000000	

# b
1.000000	0.000000	0.000000	0.000000	
0.000000	1.000000	0.000000	0.000000	
0.000000	0.000000	-1.000000	0.000000	
0.000000	0.000000	0.000000	1.000000	

# bc
0.500000	0.707107	0.500000	0.000000	
0.707107	0.000000	-0.707107	0.000000	
-0.500000	0.707107	-0.500000	0.000000	
0.000000	0.000000	0.000000	1.000000	

# bca
0.500000	-0.707107	0.500000	0.000000	
0.707107	0.000000	-0.707107	0.000000	
-0.500000	-0.707107	-0.500000	0.000000	
0.000000	0.000000	0.000000	1.000000	

# bcab
0.500000	-0.707107	-0.500000	0.000000	
0.707107	0.000000	0.707107	0.000000	
-0.500000	-0.707107	0.500000	0.000000	
0.000000	0.000000	0.000000	1.000000	

# bcabc
-0.500000	0.707107	0.500000	0.000000	
0.707107	0.000000	0.707107	0.000000	
-0.500000	-0.707107	0.500000	0.000000	
0.000000	0.000000	0.000000	1.000000	

# bcabca
-0.500000	-0.707107	0.500000	0.000000	
0.707107	0.000000	0.707107	0.000000	
-0.500000	0.707107	0.500000	0.000000	
0.000000	0.000000	0.000000	1.000000	

# bcabcab
-0.500000	-0.707107	-0.500000	0.000000	
0.707107	0.000000	-0.707107	0.000000	
-0.500000	0.707107	-0.500000	0.000000	
0.000000	0.000000	0.000000	1.000000	

# bcabcabc
-1.000001	0.000000	0.000000	0.000000	
0.000000	1.000001	0.000000	0.000000	
0.000000	0.000000	-1.000001	0.000000	
0.000000	0.000000	0.000000	1.000000	

# bcabcb
-0.500000	0.707107	-0.500000	0.000000	
0.707107	0.000000	-0.707107	0.000000	
-0.500000	-0.707107	-0.500000	0.000000	
0.000000	0.000000	0.000000	1.000000	

# bcac
0.000000	0.000000	1.000000	0.000000	
0.000000	1.000001	0.000000	0.000000	
-1.000000	0.000000	0.000000	0.000000	
0.000000	0.000000	0.000000	1.000000	

# bcacb
0.000000	0.000000	-1.000000	0.000000	
0.000000	1.000001	0.000000	0.000000	
-1.000000	0.000000	0.000000	0.000000	
0.000000	0.000000	0.000000	1.000000	

# bcb
0.500000	0.707107	-0.500000	0.000000	
0.707107	0.000000	0.707107	0.000000	
-0.500000	0.707107	0.500000	0.000000	
0.000000	0.000000	0.000000	1.000000	

# c
0.500000	0.707107	0.500000	0.000000	
0.707107	0.000000	-0.707107	0.000000	
0.500000	-0.707107	0.500000	0.000000	
0.000000	0.000000	0.000000	1.000000	

# ca
0.500000	-0.707107	0.500000	0.000000	
0.707107	0.000000	-0.707107	0.000000	
0.500000	0.707107	0.500000	0.000000	
0.000000	0.000000	0.000000	1.000000	

# cab
0.500000	-0.707107	-0.500000	0.000000	
0.707107	0.000000	0.707107	0.000000	
0.500000	0.707107	-0.500000	0.000000	
0.000000	0.000000	0.000000	1.000000	

# cabc
-0.500000	0.707107	0.500000	0.000000	
0.707107	0.000000	0.707107	0.000000	
0.500000	0.707107	-0.500000	0.000000	
0.000000	0.000000	0.000000	1.000000	

# cabca
-0.500000	-0.707107	0.500000	0.000000	
0.707107	0.000000	0.707107	0.000000	
0.500000	-0.707107	-0.500000	0.000000	
0.000000	0.000000	0.000000	1.000000	

# cabcab
-0.500000	-0.707107	-0.500000	0.000000	
0.707107	0.000000	-0.707107	0.000000	
0.500000	-0.707107	0.500000	0.000000	
0.000000	0.000000	0.000000	1.000000	

# cabcabc
-1.000001	0.000000	0.000000	0.000000	
0.000000	1.000001	0.000000	0.000000	
0.000000	0.000000	1.000001	0.000000	
0.000000	0.000000	0.000000	1.000000	

# cabcb
-0.500000	0.707107	-0.500000	0.000000	
0.707107	0.000000	-0.707107	0.000000	
0.500000	0.707107	0.500000	0.000000	
0.000000	0.000000	0.000000	1.000000	

# cac
0.000000	0.000000	1.000000	0.000000	
0.000000	1.000001	0.000000	0.000000	
1.000000	0.000000	0.000000	0.000000	
0.000000	0.000000	0.000000	1.000000	

# cacb
0.000000	0.000000	-1.000000	0.000000	
0.000000	1.000001	0.000000	0.000000	
1.000000	0.000000	0.000000	0.000000	
0.000000	0.000000	0.000000	1.000000	

# cb
0.500000	0.707107	-0.500000	0.000000	
0.707107	0.000000	0.707107	0.000000	
0.500000	-0.707107	-0.500000	0.000000	
0.000000	0.000000	0.000000	1.000000	

