# 
1.000000	0.000000	0.000000	0.000000	
0.000000	1.000000	0.000000	0.000000	
0.000000	0.000000	1.000000	0.000000	
0.000000	0.000000	0.000000	1.000000	

# a
1.000000	0.000000	0.000000	0.000000	
0.000000	-1.000000	0.000000	0.000000	
0.000000	0.000000	1.000000	0.000000	
0.000000	0.000000	0.000000	1.000000	

# ab
1.000000	0.000000	0.000000	0.000000	
0.000000	-1.000000	0.000000	0.000000	
0.000000	0.000000	-1.000000	0.000000	
0.000000	0.000000	0.000000	1.000000	

# abc
0.809017	0.500000	0.309017	0.000000	
-0.500000	0.309017	0.809017	0.000000	
-0.309017	0.809017	-0.500000	0.000000	
0.000000	0.000000	0.000000	1.000000	

# abca
0.809017	-0.500000	0.309017	0.000000	
-0.500000	-0.309017	0.809017	0.000000	
-0.309017	-0.809017	-0.500000	0.000000	
0.000000	0.000000	0.000000	1.000000	

# abcab
0.809017	-0.500000	-0.309017	0.000000	
-0.500000	-0.309017	-0.809017	0.000000	
-0.309017	-0.809017	0.500000	0.000000	
0.000000	0.000000	0.000000	1.000000	

# abcabc
0.309017	0.809017	0.500000	0.000000	
-0.809017	0.500000	-0.309017	0.000000	
-0.500000	-0.309017	0.809017	0.000000	
0.000000	0.000000	0.000000	1.000000	

# abcabca
0.309017	-0.809017	0.500000	0.000000	
-0.809017	-0.500000	-0.309017	0.000000	
-0.500000	0.309017	0.809017	0.000000	
0.000000	0.000000	0.000000	1.000000	

# abcabcab
0.309017	-0.809017	-0.500000	0.000000	
-0.809017	-0.500000	0.309017	0.000000	
-0.500000	0.309017	-0.809017	0.000000	
0.000000	0.000000	0.000000	1.000000	

# abcabcabc
-0.309017	0.809017	0.500000	0.000000	
-0.809017	-0.500000	0.309017	0.000000	
-0.500000	0.309017	-0.809017	0.000000	
0.000000	0.000000	0.000000	1.000000	

# abcabcabca
-0.309017	-0.809017	0.500000	0.000000	
-0.809017	0.500000	0.309017	0.000000	
-0.500000	-0.309017	-0.809017	0.000000	
0.000000	0.000000	0.000000	1.000000	

# abcabcabcab
-0.309017	-0.809017	-0.500000	0.000000	
-0.809017	0.500000	-0.309017	0.000000	
-0.500000	-0.309017	0.809017	0.000000	
0.000000	0.000000	0.000000	1.000000	

# abcabcabcabc
-0.809017	0.500000	0.309017	0.000000	
-0.500000	-0.309017	-0.809017	0.000000	
-0.309017	-0.809017	0.500000	0.000000	
0.000000	0.000000	0.000000	1.000000	

# abcabcabcabca
-0.809017	-0.500000	0.309017	0.000000	
-0.500000	0.309017	-0.809017	0.000000	
-0.309017	0.809017	0.500000	0.000000	
0.000000	0.000000	0.000000	1.000000	

# abcabcabcabcab
-0.809017	-0.500000	-0.309017	0.000000	
-0.500000	0.309017	0.809017	0.000000	
-0.309017	0.809017	-0.500000	0.000000	
0.000000	0.000000	0.000000	1.000000	

# abcabcabcabcabc
-1.000000	0.000000	0.000000	0.000000	
0.000000	-1.000000	0.000000	0.000000	
0.000000	0.000000	-1.000000	0.000000	
0.000000	0.000000	0.000000	1.000000	

# abcabcabcabcb
-0.809017	0.500000	-0.309017	0.000000	
-0.500000	-0.309017	0.809017	0.000000	
-0.309017	-0.809017	-0.500000	0.000000	
0.000000	0.000000	0.000000	1.000000	

# abcabcabcac
-0.500000	-0.309017	0.809017	0.000000	
-0.309017	-0.809017	-0.500000	0.000000	
-0.809017	0.500000	-0.309017	0.000000	
0.000000	0.000000	0.000000	1.000000	

# abcabcabcacb
-0.500000	-0.309017	-0.809017	0.000000	
-0.309017	-0.809017	0.500000	0.000000	
-0.809017	0.500000	0.309017	0.000000	
0.000000	0.000000	0.000000	1.000000	

# abcabcabcb
-0.309017	0.809017	-0.500000	0.000000	
-0.809017	-0.500000	-0.309017	0.000000	
-0.500000	0.309017	0.809017	0.000000	
0.000000	0.000000	0.000000	1.000000	

# abcabcac
0.000000	0.000000	1.000000	0.000000	
-1.000000	0.000000	0.000000	0.000000	
0.000000	-1.000000	0.000000	0.000000	
0.000000	0.000000	0.000000	1.000000	

# abcabcacb
0.000000	0.000000	-1.000000	0.000000	
-1.000000	0.000000	0.000000	0.000000	
0.000000	-1.000000	0.000000	0.000000	
0.000000	0.000000	0.000000	1.000000	

# abcabcb
0.309017	0.809017	-0.500000	0.000000	
-0.809017	0.500000	0.309017	0.000000	
-0.500000	-0.309017	-0.809017	0.000000	
0.000000	0.000000	0.000000	1.000000	

# abcac
0.500000	0.309017	0.809017	0.000000	
-0.309017	-0.809017	0.500000	0.000000	
-0.809017	0.500000	0.309017	0.000000	
0.000000	0.000000	0.000000	1.000000	

# abcaca
0.500000	-0.309017	0.809017	0.000000	
-0.309017	0.809017	0.500000	0.000000	
-0.809017	-0.500000	0.309017	0.000000	
0.000000	0.000000	0.000000	1.000000	

# abcacab
0.500000	-0.309017	-0.809017	0.000000	
-0.309017	0.809017	-0.500000	0.000000	
-0.809017	-0.500000	-0.309017	0.000000	
0.000000	0.000000	0.000000	1.000000	

# abcacabc
0.000000	1.000000	0.000000	0.000000	
0.000000	0.000000	-1.000000	0.000000	
-1.000000	0.000000	0.000000	0.000000	
0.000000	0.000000	0.000000	1.000000	

# abcacabca
0.000000	-1.000000	0.000000	0.000000	
0.000000	0.000000	-1.000000	0.000000	
-1.000000	0.000000	0.000000	0.000000	
0.000000	0.000000	0.000000	1.000000	

# abcacabcac
-0.500000	0.309017	0.809017	0.000000	
-0.309017	0.809017	-0.500000	0.000000	
-0.809017	-0.500000	-0.309017	0.000000	
0.000000	0.000000	0.000000	1.000000	

# abcacabcacb
-0.500000	0.309017	-0.809017	0.000000	
-0.309017	0.809017	0.500000	0.000000	
-0.809017	-0.500000	0.309017	0.000000	
0.000000	0.000000	0.000000	1.000000	

# abcacb
0.500000	0.309017	-0.809017	0.000000	
-0.309017	-0.809017	-0.500000	0.000000	
-0.809017	0.500000	-0.309017	0.000000	
0.000000	0.000000	0.000000	1.000000	

# abcb
0.809017	0.500000	-0.309017	0.000000	
-0.500000	0.309017	-0.809017	0.000000	
-0.309017	0.809017	0.500000	0.000000	
0.000000	0.000000	0.000000	1.000000	

# ac
0.809017	0.500000	0.309017	0.000000	
-0.500000	0.309017	0.809017	0.000000	
0.309017	-0.809017	0.500000	0.000000	
0.000000	0.000000	0.000000	1.000000	

# aca
0.809017	-0.500000	0.309017	0.000000	
-0.500000	-0.309017	0.809017	0.000000	
0.309017	0.809017	0.500000	0.000000	
0.000000	0.000000	0.000000	1.000000	

# acab
0.809017	-0.500000	-0.309017	0.000000	
-0.500000	-0.309017	-0.809017	0.000000	
0.309017	0.809017	-0.500000	0.000000	
0.000000	0.000000	0.000000	1.000000	

# acabc
0.309017	0.809017	0.500000	0.000000	
-0.809017	0.500000	-0.309017	0.000000	
0.500000	0.309017	-0.809017	0.000000	
0.000000	0.000000	0.000000	1.000000	

# acabca
0.309017	-0.809017	0.500000	0.000000	
-0.809017	-0.500000	-0.309017	0.000000	
0.500000	-0.309017	-0.809017	0.000000	
0.000000	0.000000	0.000000	1.000000	

# acabcab
0.309017	-0.809017	-0.500000	0.000000	
-0.809017	-0.500000	0.309017	0.000000	
0.500000	-0.309017	0.809017	0.000000	
0.000000	0.000000	0.000000	1.000000	

# acabcabc
-0.309017	0.809017	0.500000	0.000000	
-0.809017	-0.500000	0.309017	0.000000	
0.500000	-0.309017	0.809017	0.000000	
0.000000	0.000000	0.000000	1.000000	

# acabcabca
-0.309017	-0.809017	0.500000	0.000000	
-0.809017	0.500000	0.309017	0.000000	
0.500000	0.309017	0.809017	0.000000	
0.000000	0.000000	0.000000	1.000000	

# acabcabcab
-0.309017	-0.809017	-0.500000	0.000000	
-0.809017	0.500000	-0.309017	0.000000	
0.500000	0.309017	-0.809017	0.000000	
0.000000	0.000000	0.000000	1.000000	

# acabcabcabc
-0.809017	0.500000	0.309017	0.000000	
-0.500000	-0.309017	-0.809017	0.000000	
0.309017	0.809017	-0.500000	0.000000	
0.000000	0.000000	0.000000	1.000000	

# acabcabcabca
-0.809017	-0.500000	0.309017	0.000000	
-0.500000	0.309017	-0.809017	0.000000	
0.309017	-0.809017	-0.500000	0.000000	
0.000000	0.000000	0.000000	1.000000	

# acabcabcabcab
-0.809017	-0.500000	-0.309017	0.000000	
-0.500000	0.309017	0.809017	0.000000	
0.309017	-0.809017	0.500000	0.000000	
0.000000	0.000000	0.000000	1.000000	

# acabcabcabcabc
-1.000000	0.000000	0.000000	0.000000	
0.000000	-1.000000	0.000000	0.000000	
0.000000	0.000000	1.000000	0.000000	
0.000000	0.000000	0.000000	1.000000	

# acabcabcabcb
-0.809017	0.500000	-0.309017	0.000000	
-0.500000	-0.309017	0.809017	0.000000	
0.309017	0.809017	0.500000	0.000000	
0.000000	0.000000	0.000000	1.000000	

# acabcabcac
-0.500000	-0.309017	0.809017	0.000000	
-0.309017	-0.809017	-0.500000	0.000000	
0.809017	-0.500000	0.309017	0.000000	
0.000000	0.000000	0.000000	1.000000	

# acabcabcacb
-0.500000	-0.309017	-0.809017	0.000000	
-0.309017	-0.809017	0.500000	0.000000	
0.809017	-0.500000	-0.309017	0.000000	
0.000000	0.000000	0.000000	1.000000	

# acabcabcb
-0.309017	0.809017	-0.500000	0.000000	
-0.809017	-0.500000	-0.309017	0.000000	
0.500000	-0.309017	-0.809017	0.000000	
0.000000	0.000000	0.000000	1.000000	

# acabcac
0.000000	0.000000	1.000000	0.000000	
-1.000000	0.000000	0.000000	0.000000	
0.000000	1.000000	0.000000	0.000000	
0.000000	0.000000	0.000000	1.000000	

# acabcacb
0.000000	0.000000	-1.000000	0.000000	
-1.000000	0.000000	0.000000	0.000000	
0.000000	1.000000	0.000000	0.000000	
0.000000	0.000000	0.000000	1.000000	

# acabcb
0.309017	0.809017	-0.500000	0.000000	
-0.809017	0.500000	0.309017	0.000000	
0.500000	0.309017	0.809017	0.000000	
0.000000	0.000000	0.000000	1.000000	

# acac
0.500000	0.309017	0.809017	0.000000	
-0.309017	-0.809017	0.500000	0.000000	
0.809017	-0.500000	-0.309017	0.000000	
0.000000	0.000000	0.000000	1.000000	

# acaca
0.500000	-0.309017	0.809017	0.000000	
-0.309017	0.809017	0.500000	0.000000	
0.809017	0.500000	-0.309017	0.000000	
0.000000	0.000000	0.000000	1.000000	

# acacab
0.500000	-0.309017	-0.809017	0.000000	
-0.309017	0.809017	-0.500000	0.000000	
0.809017	0.500000	0.309017	0.000000	
0.000000	0.000000	0.000000	1.000000	

# acacabc
0.000000	1.000000	0.000000	0.000000	
0.000000	0.000000	-1.000000	0.000000	
1.000000	0.000000	0.000000	0.000000	
0.000000	0.000000	0.000000	1.000000	

# acacabca
0.000000	-1.000000	0.000000	0.000000	
0.000000	0.000000	-1.000000	0.000000	
1.000000	0.000000	0.000000	0.000000	
0.000000	0.000000	0.000000	1.000000	

# acacabcac
-0.500000	0.309017	0.809017	0.000000	
-0.309017	0.809017	-0.500000	0.000000	
0.809017	0.500000	0.309017	0.000000	
0.000000	0.000000	0.000000	1.000000	

# acacabcacb
-0.500000	0.309017	-0.809017	0.000000	
-0.309017	0.809017	0.500000	0.000000	
0.809017	0.500000	-0.309017	0.000000	
0.000000	0.000000	0.000000	1.000000	

# acacb
0.500000	0.309017	-0.809017	0.000000	
-0.309017	-0.809017	-0.500000	0.000000	
0.809017	-0.500000	0.309017	0.000000	
0.000000	0.000000	0.000000	1.000000	

# acb
0.809017	0.500000	-0.309017	0.000000	
-0.500000	0.309017	-0.809017	0.000000	
0.309017	-0.809017	-0.500000	0.000000	
0.000000	0.000000	0.000000	1.000000	

# b
1.000000	0.000000	0.000000	0.000000	
0.000000	1.000000	0.000000	0.000000	
0.000000	0.000000	-1.000000	0.000000	
0.000000	0.000000	0.000000	1.000000	

# bc
0.809017	0.500000	0.309017	0.000000	
0.500000	-0.309017	-0.809017	0.000000	
-0.309017	0.809017	-0.500000	0.000000	
0.000000	0.000000	0.000000	1.000000	

# bca
0.809017	-0.500000	0.309017	0.000000	
0.500000	0.309017	-0.809017	0.000000	
-0.309017	-0.809017	-0.500000	0.000000	
0.000000	0.000000	0.000000	1.000000	

# bcab
0.809017	-0.500000	-0.309017	0.000000	
0.500000	0.309017	0.809017	0.000000	
-0.309017	-0.809017	0.500000	0.000000	
0.000000	0.000000	0.000000	1.000000	

# bcabc
0.309017	0.809017	0.500000	0.000000	
0.809017	-0.500000	0.309017	0.000000	
-0.500000	-0.309017	0.809017	0.000000	
0.000000	0.000000	0.000000	1.000000	

# bcabca
0.309017	-0.809017	0.500000	0.000000	
0.809017	0.500000	0.309017	0.000000	
-0.500000	0.309017	0.809017	0.000000	
0.000000	0.000000	0.000000	1.000000	

# bcabcab
0.309017	-0.809017	-0.500000	0.000000	
0.809017	0.500000	-0.309017	0.000000	
-0.500000	0.309017	-0.809017	0.000000	
0.000000	0.000000	0.000000	1.000000	

# bcabcabc
-0.309017	0.809017	0.500000	0.000000	
0.809017	0.500000	-0.309017	0.000000	
-0.500000	0.309017	-0.809017	0.000000	
0.000000	0.000000	0.000000	1.000000	

# bcabcabca
-0.309017	-0.809017	0.500000	0.000000	
0.809017	-0.500000	-0.309017	0.000000	
-0.500000	-0.309017	-0.809017	0.000000	
0.000000	0.000000	0.000000	1.000000	

# bcabcabcab
-0.309017	-0.809017	-0.500000	0.000000	
0.809017	-0.500000	0.309017	0.000000	
-0.500000	-0.309017	0.809017	0.000000	
0.000000	0.000000	0.000000	1.000000	

# bcabcabcabc
-0.809017	0.500000	0.309017	0.000000	
0.500000	0.309017	0.809017	0.000000	
-0.309017	-0.809017	0.500000	0.000000	
0.000000	0.000000	0.000000	1.000000	

# bcabcabcabca
-0.809017	-0.500000	0.309017	0.000000	
0.500000	-0.309017	0.809017	0.000000	
-0.309017	0.809017	0.500000	0.000000	
0.000000	0.000000	0.000000	1.000000	

# bcabcabcabcab
-0.809017	-0.500000	-0.309017	0.000000	
0.500000	-0.309017	-0.809017	0.000000	
-0.309017	0.809017	-0.500000	0.000000	
0.000000	0.000000	0.000000	1.000000	

# bcabcabcabcabc
-1.000000	0.000000	0.000000	0.000000	
0.000000	1.000000	0.000000	0.000000	
0.000000	0.000000	-1.000000	0.000000	
0.000000	0.000000	0.000000	1.000000	

# bcabcabcabcb
-0.809017	0.500000	-0.309017	0.000000	
0.500000	0.309017	-0.809017	0.000000	
-0.309017	-0.809017	-0.500000	0.000000	
0.000000	0.000000	0.000000	1.000000	

# bcabcabcac
-0.500000	-0.309017	0.809017	0.000000	
0.309017	0.809017	0.500000	0.000000	
-0.809017	0.500000	-0.309017	0.000000	
0.000000	0.000000	0.000000	1.000000	

# bcabcabcacb
-0.500000	-0.309017	-0.809017	0.000000	
0.309017	0.809017	-0.500000	0.000000	
-0.809017	0.500000	0.309017	0.000000	
0.000000	0.000000	0.000000	1.000000	

# bcabcabcb
-0.309017	0.809017	-0.500000	0.000000	
0.809017	0.500000	0.309017	0.000000	
-0.500000	0.309017	0.809017	0.000000	
0.000000	0.000000	0.000000	1.000000	

# bcabcac
0.000000	0.000000	1.000000	0.000000	
1.000000	0.000000	0.000000	0.000000	
0.000000	-1.000000	0.000000	0.000000	
0.000000	0.000000	0.000000	1.000000	

# bcabcacb
0.000000	0.000000	-1.000000	0.000000	
1.000000	0.000000	0.000000	0.000000	
0.000000	-1.000000	0.000000	0.000000	
0.000000	0.000000	0.000000	1.000000	

# bcabcb
0.309017	0.809017	-0.500000	0.000000	
0.809017	-0.500000	-0.309017	0.000000	
-0.500000	-0.309017	-0.809017	0.000000	
0.000000	0.000000	0.000000	1.000000	

# bcac
0.500000	0.309017	0.809017	0.000000	
0.309017	0.809017	-0.500000	0.000000	
-0.809017	0.500000	0.309017	0.000000	
0.000000	0.000000	0.000000	1.000000	

# bcaca
0.500000	-0.309017	0.809017	0.000000	
0.309017	-0.809017	-0.500000	0.000000	
-0.809017	-0.500000	0.309017	0.000000	
0.000000	0.000000	0.000000	1.000000	

# bcacab
0.500000	-0.309017	-0.809017	0.000000	
0.309017	-0.809017	0.500000	0.000000	
-0.809017	-0.500000	-0.309017	0.000000	
0.000000	0.000000	0.000000	1.000000	

# bcacabc
0.000000	1.000000	0.000000	0.000000	
0.000000	0.000000	1.000000	0.000000	
-1.000000	0.000000	0.000000	0.000000	
0.000000	0.000000	0.000000	1.000000	

# bcacabca
0.000000	-1.000000	0.000000	0.000000	
0.000000	0.000000	1.000000	0.000000	
-1.000000	0.000000	0.000000	0.000000	
0.000000	0.000000	0.000000	1.000000	

# bcacabcac
-0.500000	0.309017	0.809017	0.000000	
0.309017	-0.809017	0.500000	0.000000	
-0.809017	-0.500000	-0.309017	0.000000	
0.000000	0.000000	0.000000	1.000000	

# bcacabcacb
-0.500000	0.309017	-0.809017	0.000000	
0.309017	-0.809017	-0.500000	0.000000	
-0.809017	-0.500000	0.309017	0.000000	
0.000000	0.000000	0.000000	1.000000	

# bcacb
0.500000	0.309017	-0.809017	0.000000	
0.309017	0.809017	0.500000	0.000000	
-0.809017	0.500000	-0.309017	0.000000	
0.000000	0.000000	0.000000	1.000000	

# bcb
0.809017	0.500000	-0.309017	0.000000	
0.500000	-0.309017	0.809017	0.000000	
-0.309017	0.809017	0.500000	0.000000	
0.000000	0.000000	0.000000	1.000000	

# c
0.809017	0.500000	0.309017	0.000000	
0.500000	-0.309017	-0.809017	0.000000	
0.309017	-0.809017	0.500000	0.000000	
0.000000	0.000000	0.000000	1.000000	

# ca
0.809017	-0.500000	0.309017	0.000000	
0.500000	0.309017	-0.809017	0.000000	
0.309017	0.809017	0.500000	0.000000	
0.000000	0.000000	0.000000	1.000000	

# cab
0.809017	-0.500000	-0.309017	0.000000	
0.500000	0.309017	0.809017	0.000000	
0.309017	0.809017	-0.500000	0.000000	
0.000000	0.000000	0.000000	1.000000	

# cabc
0.309017	0.809017	0.500000	0.000000	
0.809017	-0.500000	0.309017	0.000000	
0.500000	0.309017	-0.809017	0.000000	
0.000000	0.000000	0.000000	1.000000	

# cabca
0.309017	-0.809017	0.500000	0.000000	
0.809017	0.500000	0.309017	0.000000	
0.500000	-0.309017	-0.809017	0.000000	
0.000000	0.000000	0.000000	1.000000	

# cabcab
0.309017	-0.809017	-0.500000	0.000000	
0.809017	0.500000	-0.309017	0.000000	
0.500000	-0.309017	0.809017	0.000000	
0.000000	0.000000	0.000000	1.000000	

# cabcabc
-0.309017	0.809017	0.500000	0.000000	
0.809017	0.500000	-0.309017	0.000000	
0.500000	-0.309017	0.809017	0.000000	
0.000000	0.000000	0.000000	1.000000	

# cabcabca
-0.309017	-0.809017	0.500000	0.000000	
0.809017	-0.500000	-0.309017	0.000000	
0.500000	0.309017	0.809017	0.000000	
0.000000	0.000000	0.000000	1.000000	

# cabcabcab
-0.309017	-0.809017	-0.500000	0.000000	
0.809017	-0.500000	0.309017	0.000000	
0.500000	0.309017	-0.809017	0.000000	
0.000000	0.000000	0.000000	1.000000	

# cabcabcabc
-0.809017	0.500000	0.309017	0.000000	
0.500000	0.309017	0.809017	0.000000	
0.309017	0.809017	-0.500000	0.000000	
0.000000	0.000000	0.000000	1.000000	

# cabcabcabca
-0.809017	-0.500000	0.309017	0.000000	
0.500000	-0.309017	0.809017	0.000000	
0.309017	-0.809017	-0.500000	0.000000	
0.000000	0.000000	0.000000	1.000000	

# cabcabcabcab
-0.809017	-0.500000	-0.309017	0.000000	
0.500000	-0.309017	-0.809017	0.000000	
0.309017	-0.809017	0.500000	0.000000	
0.000000	0.000000	0.000000	1.000000	

# cabcabcabcabc
-1.000000	0.000000	0.000000	0.000000	
0.000000	1.000000	0.000000	0.000000	
0.000000	0.000000	1.000000	0.000000	
0.000000	0.000000	0.000000	1.000000	

# cabcabcabcb
-0.809017	0.500000	-0.309017	0.000000	
0.500000	0.309017	-0.809017	0.000000	
0.309017	0.809017	0.500000	0.000000	
0.000000	0.000000	0.000000	1.000000	

# cabcabcac
-0.500000	-0.309017	0.809017	0.000000	
0.309017	0.809017	0.500000	0.000000	
0.809017	-0.500000	0.309017	0.000000	
0.000000	0.000000	0.000000	1.000000	

# cabcabcacb
-0.500000	-0.309017	-0.809017	0.000000	
0.309017	0.809017	-0.500000	0.000000	
0.809017	-0.500000	-0.309017	0.000000	
0.000000	0.000000	0.000000	1.000000	

# cabcabcb
-0.309017	0.809017	-0.500000	0.000000	
0.809017	0.500000	0.309017	0.000000	
0.500000	-0.309017	-0.809017	0.000000	
0.000000	0.000000	0.000000	1.000000	

# cabcac
0.000000	0.000000	1.000000	0.000000	
1.000000	0.000000	0.000000	0.000000	
0.000000	1.000000	0.000000	0.000000	
0.000000	0.000000	0.000000	1.000000	

# cabcacb
0.000000	0.000000	-1.000000	0.000000	
1.000000	0.000000	0.000000	0.000000	
0.000000	1.000000	0.000000	0.000000	
0.000000	0.000000	0.000000	1.000000	

# cabcb
0.309017	0.809017	-0.500000	0.000000	
0.809017	-0.500000	-0.309017	0.000000	
0.500000	0.309017	0.809017	0.000000	
0.000000	0.000000	0.000000	1.000000	

# cac
0.500000	0.309017	0.809017	0.000000	
0.309017	0.809017	-0.500000	0.000000	
0.809017	-0.500000	-0.309017	0.000000	
0.000000	0.000000	0.000000	1.000000	

# caca
0.500000	-0.309017	0.809017	0.000000	
0.309017	-0.809017	-0.500000	0.000000	
0.809017	0.500000	-0.309017	0.000000	
0.000000	0.000000	0.000000	1.000000	

# cacab
0.500000	-0.309017	-0.809017	0.000000	
0.309017	-0.809017	0.500000	0.000000	
0.809017	0.500000	0.309017	0.000000	
0.000000	0.000000	0.000000	1.000000	

# cacabc
0.000000	1.000000	0.000000	0.000000	
0.000000	0.000000	1.000000	0.000000	
1.000000	0.000000	0.000000	0.000000	
0.000000	0.000000	0.000000	1.000000	

# cacabca
0.000000	-1.000000	0.000000	0.000000	
0.000000	0.000000	1.000000	0.000000	
1.000000	0.000000	0.000000	0.000000	
0.000000	0.000000	0.000000	1.000000	

# cacabcac
-0.500000	0.309017	0.809017	0.000000	
0.309017	-0.809017	0.500000	0.000000	
0.809017	0.500000	0.309017	0.000000	
0.000000	0.000000	0.000000	1.000000	

# cacabcacb
-0.500000	0.309017	-0.809017	0.000000	
0.309017	-0.809017	-0.500000	0.000000	
0.809017	0.500000	-0.309017	0.000000	
0.000000	0.000000	0.000000	1.000000	

# cacb
0.500000	0.309017	-0.809017	0.000000	
0.309017	0.809017	0.500000	0.000000	
0.809017	-0.500000	0.309017	0.000000	
0.000000	0.000000	0.000000	1.000000	

# cb
0.809017	0.500000	-0.309017	0.000000	
0.500000	-0.309017	0.809017	0.000000	
0.309017	-0.809017	-0.500000	0.000000	
0.000000	0.000000	0.000000	1.000000	

