# 
1.000000	0.000000	0.000000	0.000000	
0.000000	1.000000	0.000000	0.000000	
0.000000	0.000000	1.000000	0.000000	
0.000000	0.000000	0.000000	1.000000	

# a
-1.000000	0.000000	0.000000	0.000000	
0.000000	1.000000	0.000000	0.000000	
0.000000	0.000000	1.000000	0.000000	
0.000000	0.000000	0.000000	1.000000	

# ab
-1.000000	0.000000	0.000000	0.000000	
0.000000	-1.000000	0.000000	0.000000	
0.000000	0.000000	1.000000	0.000000	
0.000000	0.000000	0.000000	1.000000	

# abc
0.500000	0.866026	0.000000	0.000000	
0.866026	-0.500000	0.000000	0.000000	
0.000000	0.000000	1.000000	0.000000	
0.750000	0.433013	0.000000	1.000000	

# abca
-0.500000	0.866026	0.000000	0.000000	
-0.866026	-0.500000	0.000000	0.000000	
0.000000	0.000000	1.000000	0.000000	
-0.750000	0.433013	0.000000	1.000000	

# abcab
-0.500000	-0.866026	0.000000	0.000000	
-0.866026	0.500000	0.000000	0.000000	
0.000000	0.000000	1.000000	0.000000	
-0.750000	-0.433013	0.000000	1.000000	

# abcabc
1.000001	0.000000	0.000000	0.000000	
0.000000	1.000001	0.000000	0.000000	
0.000000	0.000000	1.000000	0.000000	
1.500001	0.866026	0.000000	1.000000	

# abcabca
-1.000001	0.000000	0.000000	0.000000	
0.000000	1.000001	0.000000	0.000000	
0.000000	0.000000	1.000000	0.000000	
-1.500001	0.866026	0.000000	1.000000	

# abcabcab
-1.000001	0.000000	0.000000	0.000000	
0.000000	-1.000001	0.000000	0.000000	
0.000000	0.000000	1.000000	0.000000	
-1.500001	-0.866026	0.000000	1.000000	

# abcabcabc
0.500001	0.866027	0.000000	0.000000	
0.866027	-0.500001	0.000000	0.000000	
0.000000	0.000000	1.000000	0.000000	
2.250001	1.299039	0.000000	1.000000	

# abcabcabca
-0.500001	0.866027	0.000000	0.000000	
-0.866027	-0.500001	0.000000	0.000000	
0.000000	0.000000	1.000000	0.000000	
-2.250001	1.299039	0.000000	1.000000	

# abcabcabcab
-0.500001	-0.866027	0.000000	0.000000	
-0.866027	0.500001	0.000000	0.000000	
0.000000	0.000000	1.000000	0.000000	
-2.250001	-1.299039	0.000000	1.000000	

# abcabcabcabc
1.000002	0.000000	0.000000	0.000000	
0.000000	1.000002	0.000000	0.000000	
0.000000	0.000000	1.000000	0.000000	
3.000003	1.732053	0.000000	1.000000	

# abcabcabcabca
-1.000002	0.000000	0.000000	0.000000	
0.000000	1.000002	0.000000	0.000000	
0.000000	0.000000	1.000000	0.000000	
-3.000003	1.732053	0.000000	1.000000	

# abcabcabcabcab
-1.000002	0.000000	0.000000	0.000000	
0.000000	-1.000002	0.000000	0.000000	
0.000000	0.000000	1.000000	0.000000	
-3.000003	-1.732053	0.000000	1.000000	

# abcabcabcabcabc
0.500001	0.866028	0.000000	0.000000	
0.866028	-0.500001	0.000000	0.000000	
0.000000	0.000000	1.000000	0.000000	
3.750004	2.165067	0.000000	1.000000	

# abcabcabcabcac
0.500001	0.866028	0.000000	0.000000	
-0.866028	0.500001	0.000000	0.000000	
0.000000	0.000000	1.000000	0.000000	
0.749998	3.897120	0.000000	1.000000	

# abcabcabcabcaca
-0.500001	0.866028	0.000000	0.000000	
0.866028	0.500001	0.000000	0.000000	
0.000000	0.000000	1.000000	0.000000	
-0.749998	3.897120	0.000000	1.000000	

# abcabcabcabcacb
0.500001	-0.866028	0.000000	0.000000	
-0.866028	-0.500001	0.000000	0.000000	
0.000000	0.000000	1.000000	0.000000	
0.749998	-3.897120	0.000000	1.000000	

# abcabcabcabcb
1.000002	0.000000	0.000000	0.000000	
0.000000	-1.000002	0.000000	0.000000	
0.000000	0.000000	1.000000	0.000000	
3.000003	-1.732053	0.000000	1.000000	

# abcabcabcac
-0.500002	0.866027	0.000000	0.000000	
0.866027	0.500002	0.000000	0.000000	
0.000000	0.000000	1.000000	0.000000	
0.749999	3.031092	0.000000	1.000000	

# abcabcabcaca
0.500002	0.866027	0.000000	0.000000	
-0.866027	0.500002	0.000000	0.000000	
0.000000	0.000000	1.000000	0.000000	
-0.749999	3.031092	0.000000	1.000000	

# abcabcabcacab
0.500002	-0.866027	0.000000	0.000000	
-0.866027	-0.500002	0.000000	0.000000	
0.000000	0.000000	1.000000	0.000000	
-0.749999	-3.031092	0.000000	1.000000	

# abcabcabcacabc
0.500001	-0.866028	0.000000	0.000000	
0.866028	0.500001	0.000000	0.000000	
0.000000	0.000000	1.000000	0.000000	
3.750004	-0.433015	0.000000	1.000000	

# abcabcabcacabca
-0.500001	-0.866028	0.000000	0.000000	
-0.866028	0.500001	0.000000	0.000000	
0.000000	0.000000	1.000000	0.000000	
-3.750004	-0.433015	0.000000	1.000000	

# abcabcabcacb
-0.500002	-0.866027	0.000000	0.000000	
0.866027	-0.500002	0.000000	0.000000	
0.000000	0.000000	1.000000	0.000000	
0.749999	-3.031092	0.000000	1.000000	

# abcabcabcb
0.500001	-0.866027	0.000000	0.000000	
0.866027	0.500001	0.000000	0.000000	
0.000000	0.000000	1.000000	0.000000	
2.250001	-1.299039	0.000000	1.000000	

# abcabcac
0.500001	0.866027	0.000000	0.000000	
-0.866027	0.500001	0.000000	0.000000	
0.000000	0.000000	1.000000	0.000000	
0.749999	2.165065	0.000000	1.000000	

# abcabcaca
-0.500001	0.866027	0.000000	0.000000	
0.866027	0.500001	0.000000	0.000000	
0.000000	0.000000	1.000000	0.000000	
-0.749999	2.165065	0.000000	1.000000	

# abcabcacab
-0.500001	-0.866027	0.000000	0.000000	
0.866027	-0.500001	0.000000	0.000000	
0.000000	0.000000	1.000000	0.000000	
-0.749999	-2.165065	0.000000	1.000000	

# abcabcacabc
1.000002	0.000000	0.000000	0.000000	
0.000000	-1.000002	0.000000	0.000000	
0.000000	0.000000	1.000000	0.000000	
3.000003	0.000000	0.000000	1.000000	

# abcabcacabca
-1.000002	0.000000	0.000000	0.000000	
0.000000	-1.000002	0.000000	0.000000	
0.000000	0.000000	1.000000	0.000000	
-3.000003	0.000000	0.000000	1.000000	

# abcabcacabcac
0.500001	0.866028	0.000000	0.000000	
0.866028	-0.500001	0.000000	0.000000	
0.000000	0.000000	1.000000	0.000000	
2.250002	3.031093	0.000000	1.000000	

# abcabcacabcaca
-0.500001	0.866028	0.000000	0.000000	
-0.866028	-0.500001	0.000000	0.000000	
0.000000	0.000000	1.000000	0.000000	
-2.250002	3.031093	0.000000	1.000000	

# abcabcacabcacab
-0.500001	-0.866028	0.000000	0.000000	
-0.866028	0.500001	0.000000	0.000000	
0.000000	0.000000	1.000000	0.000000	
-2.250002	-3.031093	0.000000	1.000000	

# abcabcacabcacb
0.500001	-0.866028	0.000000	0.000000	
0.866028	0.500001	0.000000	0.000000	
0.000000	0.000000	1.000000	0.000000	
2.250002	-3.031093	0.000000	1.000000	

# abcabcacb
0.500001	-0.866027	0.000000	0.000000	
-0.866027	-0.500001	0.000000	0.000000	
0.000000	0.000000	1.000000	0.000000	
0.749999	-2.165065	0.000000	1.000000	

# abcabcb
1.000001	0.000000	0.000000	0.000000	
0.000000	-1.000001	0.000000	0.000000	
0.000000	0.000000	1.000000	0.000000	
1.500001	-0.866026	0.000000	1.000000	

# abcac
-0.500001	0.866026	0.000000	0.000000	
0.866026	0.500001	0.000000	0.000000	
0.000000	0.000000	1.000000	0.000000	
0.749999	1.299039	0.000000	1.000000	

# abcaca
0.500001	0.866026	0.000000	0.000000	
-0.866026	0.500001	0.000000	0.000000	
0.000000	0.000000	1.000000	0.000000	
-0.749999	1.299039	0.000000	1.000000	

# abcacab
0.500001	-0.866026	0.000000	0.000000	
-0.866026	-0.500001	0.000000	0.000000	
0.000000	0.000000	1.000000	0.000000	
-0.749999	-1.299039	0.000000	1.000000	

# abcacabc
0.500001	-0.866027	0.000000	0.000000	
0.866027	0.500001	0.000000	0.000000	
0.000000	0.000000	1.000000	0.000000	
2.250001	0.433013	0.000000	1.000000	

# abcacabca
-0.500001	-0.866027	0.000000	0.000000	
-0.866027	0.500001	0.000000	0.000000	
0.000000	0.000000	1.000000	0.000000	
-2.250001	0.433013	0.000000	1.000000	

# abcacabcab
-0.500001	0.866027	0.000000	0.000000	
-0.866027	-0.500001	0.000000	0.000000	
0.000000	0.000000	1.000000	0.000000	
-2.250001	-0.433013	0.000000	1.000000	

# abcacabcabc
-0.500002	0.866027	0.000000	0.000000	
0.866027	0.500002	0.000000	0.000000	
0.000000	0.000000	1.000000	0.000000	
2.250001	2.165066	0.000000	1.000000	

# abcacabcabca
0.500002	0.866027	0.000000	0.000000	
-0.866027	0.500002	0.000000	0.000000	
0.000000	0.000000	1.000000	0.000000	
-2.250001	2.165066	0.000000	1.000000	

# abcacabcabcab
0.500002	-0.866027	0.000000	0.000000	
-0.866027	-0.500002	0.000000	0.000000	
0.000000	0.000000	1.000000	0.000000	
-2.250001	-2.165066	0.000000	1.000000	

# abcacabcabcabc
0.500001	-0.866028	0.000000	0.000000	
0.866028	0.500001	0.000000	0.000000	
0.000000	0.000000	1.000000	0.000000	
3.750004	1.299039	0.000000	1.000000	

# abcacabcabcabca
-0.500001	-0.866028	0.000000	0.000000	
-0.866028	0.500001	0.000000	0.000000	
0.000000	0.000000	1.000000	0.000000	
-3.750004	1.299039	0.000000	1.000000	

# abcacabcabcabcb
0.500001	0.866028	0.000000	0.000000	
0.866028	-0.500001	0.000000	0.000000	
0.000000	0.000000	1.000000	0.000000	
3.750004	-1.299039	0.000000	1.000000	

# abcacabcabcac
-1.000003	0.000000	0.000000	0.000000	
0.000000	1.000003	0.000000	0.000000	
0.000000	0.000000	1.000000	0.000000	
-0.000003	3.464105	0.000000	1.000000	

# abcacabcabcacb
-1.000003	0.000000	0.000000	0.000000	
0.000000	-1.000003	0.000000	0.000000	
0.000000	0.000000	1.000000	0.000000	
-0.000003	-3.464105	0.000000	1.000000	

# abcacabcabcb
-0.500002	-0.866027	0.000000	0.000000	
0.866027	-0.500002	0.000000	0.000000	
0.000000	0.000000	1.000000	0.000000	
2.250001	-2.165066	0.000000	1.000000	

# abcacabcac
1.000002	0.000000	0.000000	0.000000	
0.000000	1.000002	0.000000	0.000000	
0.000000	0.000000	1.000000	0.000000	
1.500001	2.598079	0.000000	1.000000	

# abcacabcaca
-1.000002	0.000000	0.000000	0.000000	
0.000000	1.000002	0.000000	0.000000	
0.000000	0.000000	1.000000	0.000000	
-1.500001	2.598079	0.000000	1.000000	

# abcacabcacab
-1.000002	0.000000	0.000000	0.000000	
0.000000	-1.000002	0.000000	0.000000	
0.000000	0.000000	1.000000	0.000000	
-1.500001	-2.598079	0.000000	1.000000	

# abcacabcacabc
0.500001	0.866028	0.000000	0.000000	
0.866028	-0.500001	0.000000	0.000000	
0.000000	0.000000	1.000000	0.000000	
3.750004	0.433013	0.000000	1.000000	

# abcacabcacabca
-0.500001	0.866028	0.000000	0.000000	
-0.866028	-0.500001	0.000000	0.000000	
0.000000	0.000000	1.000000	0.000000	
-3.750004	0.433013	0.000000	1.000000	

# abcacabcacabcac
-0.500002	0.866028	0.000000	0.000000	
0.866028	0.500002	0.000000	0.000000	
0.000000	0.000000	1.000000	0.000000	
2.250002	3.897120	0.000000	1.000000	

# abcacabcacb
1.000002	0.000000	0.000000	0.000000	
0.000000	-1.000002	0.000000	0.000000	
0.000000	0.000000	1.000000	0.000000	
1.500001	-2.598079	0.000000	1.000000	

# abcacabcb
0.500001	0.866027	0.000000	0.000000	
0.866027	-0.500001	0.000000	0.000000	
0.000000	0.000000	1.000000	0.000000	
2.250001	-0.433013	0.000000	1.000000	

# abcacac
-1.000002	0.000000	0.000000	0.000000	
0.000000	1.000002	0.000000	0.000000	
0.000000	0.000000	1.000000	0.000000	
-0.000002	1.732052	0.000000	1.000000	

# abcacacb
-1.000002	0.000000	0.000000	0.000000	
0.000000	-1.000002	0.000000	0.000000	
0.000000	0.000000	1.000000	0.000000	
-0.000002	-1.732052	0.000000	1.000000	

# abcacb
-0.500001	-0.866026	0.000000	0.000000	
0.866026	-0.500001	0.000000	0.000000	
0.000000	0.000000	1.000000	0.000000	
0.749999	-1.299039	0.000000	1.000000	

# abcb
0.500000	-0.866026	0.000000	0.000000	
0.866026	0.500000	0.000000	0.000000	
0.000000	0.000000	1.000000	0.000000	
0.750000	-0.433013	0.000000	1.000000	

# ac
0.500000	0.866026	0.000000	0.000000	
-0.866026	0.500000	0.000000	0.000000	
0.000000	0.000000	1.000000	0.000000	
0.750000	0.433013	0.000000	1.000000	

# aca
-0.500000	0.866026	0.000000	0.000000	
0.866026	0.500000	0.000000	0.000000	
0.000000	0.000000	1.000000	0.000000	
-0.750000	0.433013	0.000000	1.000000	

# acab
-0.500000	-0.866026	0.000000	0.000000	
0.866026	-0.500000	0.000000	0.000000	
0.000000	0.000000	1.000000	0.000000	
-0.750000	-0.433013	0.000000	1.000000	

# acabc
1.000001	0.000000	0.000000	0.000000	
0.000000	-1.000001	0.000000	0.000000	
0.000000	0.000000	1.000000	0.000000	
1.500001	0.866026	0.000000	1.000000	

# acabca
-1.000001	0.000000	0.000000	0.000000	
0.000000	-1.000001	0.000000	0.000000	
0.000000	0.000000	1.000000	0.000000	
-1.500001	0.866026	0.000000	1.000000	

# acabcab
-1.000001	0.000000	0.000000	0.000000	
0.000000	1.000001	0.000000	0.000000	
0.000000	0.000000	1.000000	0.000000	
-1.500001	-0.866026	0.000000	1.000000	

# acabcabc
0.500001	0.866027	0.000000	0.000000	
-0.866027	0.500001	0.000000	0.000000	
0.000000	0.000000	1.000000	0.000000	
2.250001	1.299039	0.000000	1.000000	

# acabcabca
-0.500001	0.866027	0.000000	0.000000	
0.866027	0.500001	0.000000	0.000000	
0.000000	0.000000	1.000000	0.000000	
-2.250001	1.299039	0.000000	1.000000	

# acabcabcab
-0.500001	-0.866027	0.000000	0.000000	
0.866027	-0.500001	0.000000	0.000000	
0.000000	0.000000	1.000000	0.000000	
-2.250001	-1.299039	0.000000	1.000000	

# acabcabcabc
1.000002	0.000000	0.000000	0.000000	
0.000000	-1.000002	0.000000	0.000000	
0.000000	0.000000	1.000000	0.000000	
3.000003	1.732053	0.000000	1.000000	

# acabcabcabca
-1.000002	0.000000	0.000000	0.000000	
0.000000	-1.000002	0.000000	0.000000	
0.000000	0.000000	1.000000	0.000000	
-3.000003	1.732053	0.000000	1.000000	

# acabcabcabcab
-1.000002	0.000000	0.000000	0.000000	
0.000000	1.000002	0.000000	0.000000	
0.000000	0.000000	1.000000	0.000000	
-3.000003	-1.732053	0.000000	1.000000	

# acabcabcabcabc
0.500001	0.866028	0.000000	0.000000	
-0.866028	0.500001	0.000000	0.000000	
0.000000	0.000000	1.000000	0.000000	
3.750004	2.165067	0.000000	1.000000	

# acabcabcabcabca
-0.500001	0.866028	0.000000	0.000000	
0.866028	0.500001	0.000000	0.000000	
0.000000	0.000000	1.000000	0.000000	
-3.750004	2.165067	0.000000	1.000000	

# acabcabcabcabcb
0.500001	-0.866028	0.000000	0.000000	
-0.866028	-0.500001	0.000000	0.000000	
0.000000	0.000000	1.000000	0.000000	
3.750004	-2.165067	0.000000	1.000000	

# acabcabcabcac
0.500001	0.866028	0.000000	0.000000	
0.866028	-0.500001	0.000000	0.000000	
0.000000	0.000000	1.000000	0.000000	
0.749998	3.897120	0.000000	1.000000	

# acabcabcabcaca
-0.500001	0.866028	0.000000	0.000000	
-0.866028	-0.500001	0.000000	0.000000	
0.000000	0.000000	1.000000	0.000000	
-0.749998	3.897120	0.000000	1.000000	

# acabcabcabcacab
-0.500001	-0.866028	0.000000	0.000000	
-0.866028	0.500001	0.000000	0.000000	
0.000000	0.000000	1.000000	0.000000	
-0.749998	-3.897120	0.000000	1.000000	

# acabcabcabcacb
0.500001	-0.866028	0.000000	0.000000	
0.866028	0.500001	0.000000	0.000000	
0.000000	0.000000	1.000000	0.000000	
0.749998	-3.897120	0.000000	1.000000	

# acabcabcabcb
1.000002	0.000000	0.000000	0.000000	
0.000000	1.000002	0.000000	0.000000	
0.000000	0.000000	1.000000	0.000000	
3.000003	-1.732053	0.000000	1.000000	

# acabcabcac
-0.500002	0.866027	0.000000	0.000000	
-0.866027	-0.500002	0.000000	0.000000	
0.000000	0.000000	1.000000	0.000000	
0.749999	3.031092	0.000000	1.000000	

# acabcabcaca
0.500002	0.866027	0.000000	0.000000	
0.866027	-0.500002	0.000000	0.000000	
0.000000	0.000000	1.000000	0.000000	
-0.749999	3.031092	0.000000	1.000000	

# acabcabcacab
0.500002	-0.866027	0.000000	0.000000	
0.866027	0.500002	0.000000	0.000000	
0.000000	0.000000	1.000000	0.000000	
-0.749999	-3.031092	0.000000	1.000000	

# acabcabcacabc
0.500001	-0.866028	0.000000	0.000000	
-0.866028	-0.500001	0.000000	0.000000	
0.000000	0.000000	1.000000	0.000000	
3.750004	-0.433015	0.000000	1.000000	

# acabcabcacabca
-0.500001	-0.866028	0.000000	0.000000	
0.866028	-0.500001	0.000000	0.000000	
0.000000	0.000000	1.000000	0.000000	
-3.750004	-0.433015	0.000000	1.000000	

# acabcabcacabcac
1.000003	0.000000	0.000000	0.000000	
0.000000	-1.000003	0.000000	0.000000	
0.000000	0.000000	1.000000	0.000000	
3.000004	3.464107	0.000000	1.000000	

# acabcabcacb
-0.500002	-0.866027	0.000000	0.000000	
-0.866027	0.500002	0.000000	0.000000	
0.000000	0.000000	1.000000	0.000000	
0.749999	-3.031092	0.000000	1.000000	

# acabcabcb
0.500001	-0.866027	0.000000	0.000000	
-0.866027	-0.500001	0.000000	0.000000	
0.000000	0.000000	1.000000	0.000000	
2.250001	-1.299039	0.000000	1.000000	

# acabcac
0.500001	0.866027	0.000000	0.000000	
0.866027	-0.500001	0.000000	0.000000	
0.000000	0.000000	1.000000	0.000000	
0.749999	2.165065	0.000000	1.000000	

# acabcaca
-0.500001	0.866027	0.000000	0.000000	
-0.866027	-0.500001	0.000000	0.000000	
0.000000	0.000000	1.000000	0.000000	
-0.749999	2.165065	0.000000	1.000000	

# acabcacab
-0.500001	-0.866027	0.000000	0.000000	
-0.866027	0.500001	0.000000	0.000000	
0.000000	0.000000	1.000000	0.000000	
-0.749999	-2.165065	0.000000	1.000000	

# acabcacabc
1.000002	0.000000	0.000000	0.000000	
0.000000	1.000002	0.000000	0.000000	
0.000000	0.000000	1.000000	0.000000	
3.000003	0.000000	0.000000	1.000000	

# acabcacabca
-1.000002	0.000000	0.000000	0.000000	
0.000000	1.000002	0.000000	0.000000	
0.000000	0.000000	1.000000	0.000000	
-3.000003	0.000000	0.000000	1.000000	

# acabcacabcac
0.500001	0.866028	0.000000	0.000000	
-0.866028	0.500001	0.000000	0.000000	
0.000000	0.000000	1.000000	0.000000	
2.250002	3.031093	0.000000	1.000000	

# acabcacabcaca
-0.500001	0.866028	0.000000	0.000000	
0.866028	0.500001	0.000000	0.000000	
0.000000	0.000000	1.000000	0.000000	
-2.250002	3.031093	0.000000	1.000000	

# acabcacabcacab
-0.500001	-0.866028	0.000000	0.000000	
0.866028	-0.500001	0.000000	0.000000	
0.000000	0.000000	1.000000	0.000000	
-2.250002	-3.031093	0.000000	1.000000	

# acabcacabcacabc
1.000003	0.000000	0.000000	0.000000	
0.000000	-1.000003	0.000000	0.000000	
0.000000	0.000000	1.000000	0.000000	
4.500006	0.866027	0.000000	1.000000	

# acabcacabcacb
0.500001	-0.866028	0.000000	0.000000	
-0.866028	-0.500001	0.000000	0.000000	
0.000000	0.000000	1.000000	0.000000	
2.250002	-3.031093	0.000000	1.000000	

# acabcacb
0.500001	-0.866027	0.000000	0.000000	
0.866027	0.500001	0.000000	0.000000	
0.000000	0.000000	1.000000	0.000000	
0.749999	-2.165065	0.000000	1.000000	

# acabcb
1.000001	0.000000	0.000000	0.000000	
0.000000	1.000001	0.000000	0.000000	
0.000000	0.000000	1.000000	0.000000	
1.500001	-0.866026	0.000000	1.000000	

# acac
-0.500001	0.866026	0.000000	0.000000	
-0.866026	-0.500001	0.000000	0.000000	
0.000000	0.000000	1.000000	0.000000	
0.749999	1.299039	0.000000	1.000000	

# acaca
0.500001	0.866026	0.000000	0.000000	
0.866026	-0.500001	0.000000	0.000000	
0.000000	0.000000	1.000000	0.000000	
-0.749999	1.299039	0.000000	1.000000	

# acacab
0.500001	-0.866026	0.000000	0.000000	
0.866026	0.500001	0.000000	0.000000	
0.000000	0.000000	1.000000	0.000000	
-0.749999	-1.299039	0.000000	1.000000	

# acacabc
0.500001	-0.866027	0.000000	0.000000	
-0.866027	-0.500001	0.000000	0.000000	
0.000000	0.000000	1.000000	0.000000	
2.250001	0.433013	0.000000	1.000000	

# acacabca
-0.500001	-0.866027	0.000000	0.000000	
0.866027	-0.500001	0.000000	0.000000	
0.000000	0.000000	1.000000	0.000000	
-2.250001	0.433013	0.000000	1.000000	

# acacabcab
-0.500001	0.866027	0.000000	0.000000	
0.866027	0.500001	0.000000	0.000000	
0.000000	0.000000	1.000000	0.000000	
-2.250001	-0.433013	0.000000	1.000000	

# acacabcabc
-0.500002	0.866027	0.000000	0.000000	
-0.866027	-0.500002	0.000000	0.000000	
0.000000	0.000000	1.000000	0.000000	
2.250001	2.165066	0.000000	1.000000	

# acacabcabca
0.500002	0.866027	0.000000	0.000000	
0.866027	-0.500002	0.000000	0.000000	
0.000000	0.000000	1.000000	0.000000	
-2.250001	2.165066	0.000000	1.000000	

# acacabcabcab
0.500002	-0.866027	0.000000	0.000000	
0.866027	0.500002	0.000000	0.000000	
0.000000	0.000000	1.000000	0.000000	
-2.250001	-2.165066	0.000000	1.000000	

# acacabcabcabc
0.500001	-0.866028	0.000000	0.000000	
-0.866028	-0.500001	0.000000	0.000000	
0.000000	0.000000	1.000000	0.000000	
3.750004	1.299039	0.000000	1.000000	

# acacabcabcabca
-0.500001	-0.866028	0.000000	0.000000	
0.866028	-0.500001	0.000000	0.000000	
0.000000	0.000000	1.000000	0.000000	
-3.750004	1.299039	0.000000	1.000000	

# acacabcabcabcab
-0.500001	0.866028	0.000000	0.000000	
0.866028	0.500001	0.000000	0.000000	
0.000000	0.000000	1.000000	0.000000	
-3.750004	-1.299039	0.000000	1.000000	

# acacabcabcabcac
1.000003	0.000000	0.000000	0.000000	
0.000000	-1.000003	0.000000	0.000000	
0.000000	0.000000	1.000000	0.000000	
1.500001	4.330133	0.000000	1.000000	

# acacabcabcabcb
0.500001	0.866028	0.000000	0.000000	
-0.866028	0.500001	0.000000	0.000000	
0.000000	0.000000	1.000000	0.000000	
3.750004	-1.299039	0.000000	1.000000	

# acacabcabcac
-1.000003	0.000000	0.000000	0.000000	
0.000000	-1.000003	0.000000	0.000000	
0.000000	0.000000	1.000000	0.000000	
-0.000003	3.464105	0.000000	1.000000	

# acacabcabcacb
-1.000003	0.000000	0.000000	0.000000	
0.000000	1.000003	0.000000	0.000000	
0.000000	0.000000	1.000000	0.000000	
-0.000003	-3.464105	0.000000	1.000000	

# acacabcabcb
-0.500002	-0.866027	0.000000	0.000000	
-0.866027	0.500002	0.000000	0.000000	
0.000000	0.000000	1.000000	0.000000	
2.250001	-2.165066	0.000000	1.000000	

# acacabcac
1.000002	0.000000	0.000000	0.000000	
0.000000	-1.000002	0.000000	0.000000	
0.000000	0.000000	1.000000	0.000000	
1.500001	2.598079	0.000000	1.000000	

# acacabcaca
-1.000002	0.000000	0.000000	0.000000	
0.000000	-1.000002	0.000000	0.000000	
0.000000	0.000000	1.000000	0.000000	
-1.500001	2.598079	0.000000	1.000000	

# acacabcacab
-1.000002	0.000000	0.000000	0.000000	
0.000000	1.000002	0.000000	0.000000	
0.000000	0.000000	1.000000	0.000000	
-1.500001	-2.598079	0.000000	1.000000	

# acacabcacabc
0.500001	0.866028	0.000000	0.000000	
-0.866028	0.500001	0.000000	0.000000	
0.000000	0.000000	1.000000	0.000000	
3.750004	0.433013	0.000000	1.000000	

# acacabcacabca
-0.500001	0.866028	0.000000	0.000000	
0.866028	0.500001	0.000000	0.000000	
0.000000	0.000000	1.000000	0.000000	
-3.750004	0.433013	0.000000	1.000000	

# acacabcacabcac
-0.500002	0.866028	0.000000	0.000000	
-0.866028	-0.500002	0.000000	0.000000	
0.000000	0.000000	1.000000	0.000000	
2.250002	3.897120	0.000000	1.000000	

# acacabcacabcaca
0.500002	0.866028	0.000000	0.000000	
0.866028	-0.500002	0.000000	0.000000	
0.000000	0.000000	1.000000	0.000000	
-2.250002	3.897120	0.000000	1.000000	

# acacabcacabcacb
-0.500002	-0.866028	0.000000	0.000000	
-0.866028	0.500002	0.000000	0.000000	
0.000000	0.000000	1.000000	0.000000	
2.250002	-3.897120	0.000000	1.000000	

# acacabcacb
1.000002	0.000000	0.000000	0.000000	
0.000000	1.000002	0.000000	0.000000	
0.000000	0.000000	1.000000	0.000000	
1.500001	-2.598079	0.000000	1.000000	

# acacabcb
0.500001	0.866027	0.000000	0.000000	
-0.866027	0.500001	0.000000	0.000000	
0.000000	0.000000	1.000000	0.000000	
2.250001	-0.433013	0.000000	1.000000	

# acacac
-1.000002	0.000000	0.000000	0.000000	
0.000000	-1.000002	0.000000	0.000000	
0.000000	0.000000	1.000000	0.000000	
-0.000002	1.732052	0.000000	1.000000	

# acacacb
-1.000002	0.000000	0.000000	0.000000	
0.000000	1.000002	0.000000	0.000000	
0.000000	0.000000	1.000000	0.000000	
-0.000002	-1.732052	0.000000	1.000000	

# acacb
-0.500001	-0.866026	0.000000	0.000000	
-0.866026	0.500001	0.000000	0.000000	
0.000000	0.000000	1.000000	0.000000	
0.749999	-1.299039	0.000000	1.000000	

# acb
0.500000	-0.866026	0.000000	0.000000	
-0.866026	-0.500000	0.000000	0.000000	
0.000000	0.000000	1.000000	0.000000	
0.750000	-0.433013	0.000000	1.000000	

# b
1.000000	0.000000	0.000000	0.000000	
0.000000	-1.000000	0.000000	0.000000	
0.000000	0.000000	1.000000	0.000000	
0.000000	0.000000	0.000000	1.000000	

# bc
-0.500000	-0.866026	0.000000	0.000000	
0.866026	-0.500000	0.000000	0.000000	
0.000000	0.000000	1.000000	0.000000	
0.750000	0.433013	0.000000	1.000000	

# bca
0.500000	-0.866026	0.000000	0.000000	
-0.866026	-0.500000	0.000000	0.000000	
0.000000	0.000000	1.000000	0.000000	
-0.750000	0.433013	0.000000	1.000000	

# bcab
0.500000	0.866026	0.000000	0.000000	
-0.866026	0.500000	0.000000	0.000000	
0.000000	0.000000	1.000000	0.000000	
-0.750000	-0.433013	0.000000	1.000000	

# bcabc
-1.000001	0.000000	0.000000	0.000000	
0.000000	1.000001	0.000000	0.000000	
0.000000	0.000000	1.000000	0.000000	
1.500001	0.866026	0.000000	1.000000	

# bcabca
1.000001	0.000000	0.000000	0.000000	
0.000000	1.000001	0.000000	0.000000	
0.000000	0.000000	1.000000	0.000000	
-1.500001	0.866026	0.000000	1.000000	

# bcabcab
1.000001	0.000000	0.000000	0.000000	
0.000000	-1.000001	0.000000	0.000000	
0.000000	0.000000	1.000000	0.000000	
-1.500001	-0.866026	0.000000	1.000000	

# bcabcabc
-0.500001	-0.866027	0.000000	0.000000	
0.866027	-0.500001	0.000000	0.000000	
0.000000	0.000000	1.000000	0.000000	
2.250001	1.299039	0.000000	1.000000	

# bcabcabca
0.500001	-0.866027	0.000000	0.000000	
-0.866027	-0.500001	0.000000	0.000000	
0.000000	0.000000	1.000000	0.000000	
-2.250001	1.299039	0.000000	1.000000	

# bcabcabcab
0.500001	0.866027	0.000000	0.000000	
-0.866027	0.500001	0.000000	0.000000	
0.000000	0.000000	1.000000	0.000000	
-2.250001	-1.299039	0.000000	1.000000	

# bcabcabcabc
-1.000002	0.000000	0.000000	0.000000	
0.000000	1.000002	0.000000	0.000000	
0.000000	0.000000	1.000000	0.000000	
3.000003	1.732053	0.000000	1.000000	

# bcabcabcabca
1.000002	0.000000	0.000000	0.000000	
0.000000	1.000002	0.000000	0.000000	
0.000000	0.000000	1.000000	0.000000	
-3.000003	1.732053	0.000000	1.000000	

# bcabcabcabcab
1.000002	0.000000	0.000000	0.000000	
0.000000	-1.000002	0.000000	0.000000	
0.000000	0.000000	1.000000	0.000000	
-3.000003	-1.732053	0.000000	1.000000	

# bcabcabcabcabc
-0.500001	-0.866028	0.000000	0.000000	
0.866028	-0.500001	0.000000	0.000000	
0.000000	0.000000	1.000000	0.000000	
3.750004	2.165067	0.000000	1.000000	

# bcabcabcabcabca
0.500001	-0.866028	0.000000	0.000000	
-0.866028	-0.500001	0.000000	0.000000	
0.000000	0.000000	1.000000	0.000000	
-3.750004	2.165067	0.000000	1.000000	

# bcabcabcabcabcb
-0.500001	0.866028	0.000000	0.000000	
0.866028	0.500001	0.000000	0.000000	
0.000000	0.000000	1.000000	0.000000	
3.750004	-2.165067	0.000000	1.000000	

# bcabcabcabcac
-0.500001	-0.866028	0.000000	0.000000	
-0.866028	0.500001	0.000000	0.000000	
0.000000	0.000000	1.000000	0.000000	
0.749998	3.897120	0.000000	1.000000	

# bcabcabcabcaca
0.500001	-0.866028	0.000000	0.000000	
0.866028	0.500001	0.000000	0.000000	
0.000000	0.000000	1.000000	0.000000	
-0.749998	3.897120	0.000000	1.000000	

# bcabcabcabcacab
0.500001	0.866028	0.000000	0.000000	
0.866028	-0.500001	0.000000	0.000000	
0.000000	0.000000	1.000000	0.000000	
-0.749998	-3.897120	0.000000	1.000000	

# bcabcabcabcacb
-0.500001	0.866028	0.000000	0.000000	
-0.866028	-0.500001	0.000000	0.000000	
0.000000	0.000000	1.000000	0.000000	
0.749998	-3.897120	0.000000	1.000000	

# bcabcabcabcb
-1.000002	0.000000	0.000000	0.000000	
0.000000	-1.000002	0.000000	0.000000	
0.000000	0.000000	1.000000	0.000000	
3.000003	-1.732053	0.000000	1.000000	

# bcabcabcac
0.500002	-0.866027	0.000000	0.000000	
0.866027	0.500002	0.000000	0.000000	
0.000000	0.000000	1.000000	0.000000	
0.749999	3.031092	0.000000	1.000000	

# bcabcabcaca
-0.500002	-0.866027	0.000000	0.000000	
-0.866027	0.500002	0.000000	0.000000	
0.000000	0.000000	1.000000	0.000000	
-0.749999	3.031092	0.000000	1.000000	

# bcabcabcacab
-0.500002	0.866027	0.000000	0.000000	
-0.866027	-0.500002	0.000000	0.000000	
0.000000	0.000000	1.000000	0.000000	
-0.749999	-3.031092	0.000000	1.000000	

# bcabcabcacabc
-0.500001	0.866028	0.000000	0.000000	
0.866028	0.500001	0.000000	0.000000	
0.000000	0.000000	1.000000	0.000000	
3.750004	-0.433015	0.000000	1.000000	

# bcabcabcacabca
0.500001	0.866028	0.000000	0.000000	
-0.866028	0.500001	0.000000	0.000000	
0.000000	0.000000	1.000000	0.000000	
-3.750004	-0.433015	0.000000	1.000000	

# bcabcabcacabcac
-1.000003	0.000000	0.000000	0.000000	
0.000000	1.000003	0.000000	0.000000	
0.000000	0.000000	1.000000	0.000000	
3.000004	3.464107	0.000000	1.000000	

# bcabcabcacb
0.500002	0.866027	0.000000	0.000000	
0.866027	-0.500002	0.000000	0.000000	
0.000000	0.000000	1.000000	0.000000	
0.749999	-3.031092	0.000000	1.000000	

# bcabcabcb
-0.500001	0.866027	0.000000	0.000000	
0.866027	0.500001	0.000000	0.000000	
0.000000	0.000000	1.000000	0.000000	
2.250001	-1.299039	0.000000	1.000000	

# bcabcac
-0.500001	-0.866027	0.000000	0.000000	
-0.866027	0.500001	0.000000	0.000000	
0.000000	0.000000	1.000000	0.000000	
0.749999	2.165065	0.000000	1.000000	

# bcabcaca
0.500001	-0.866027	0.000000	0.000000	
0.866027	0.500001	0.000000	0.000000	
0.000000	0.000000	1.000000	0.000000	
-0.749999	2.165065	0.000000	1.000000	

# bcabcacab
0.500001	0.866027	0.000000	0.000000	
0.866027	-0.500001	0.000000	0.000000	
0.000000	0.000000	1.000000	0.000000	
-0.749999	-2.165065	0.000000	1.000000	

# bcabcacabc
-1.000002	0.000000	0.000000	0.000000	
0.000000	-1.000002	0.000000	0.000000	
0.000000	0.000000	1.000000	0.000000	
3.000003	0.000000	0.000000	1.000000	

# bcabcacabca
1.000002	0.000000	0.000000	0.000000	
0.000000	-1.000002	0.000000	0.000000	
0.000000	0.000000	1.000000	0.000000	
-3.000003	0.000000	0.000000	1.000000	

# bcabcacabcac
-0.500001	-0.866028	0.000000	0.000000	
0.866028	-0.500001	0.000000	0.000000	
0.000000	0.000000	1.000000	0.000000	
2.250002	3.031093	0.000000	1.000000	

# bcabcacabcaca
0.500001	-0.866028	0.000000	0.000000	
-0.866028	-0.500001	0.000000	0.000000	
0.000000	0.000000	1.000000	0.000000	
-2.250002	3.031093	0.000000	1.000000	

# bcabcacabcacab
0.500001	0.866028	0.000000	0.000000	
-0.866028	0.500001	0.000000	0.000000	
0.000000	0.000000	1.000000	0.000000	
-2.250002	-3.031093	0.000000	1.000000	

# bcabcacabcacabc
-1.000003	0.000000	0.000000	0.000000	
0.000000	1.000003	0.000000	0.000000	
0.000000	0.000000	1.000000	0.000000	
4.500006	0.866027	0.000000	1.000000	

# bcabcacabcacb
-0.500001	0.866028	0.000000	0.000000	
0.866028	0.500001	0.000000	0.000000	
0.000000	0.000000	1.000000	0.000000	
2.250002	-3.031093	0.000000	1.000000	

# bcabcacb
-0.500001	0.866027	0.000000	0.000000	
-0.866027	-0.500001	0.000000	0.000000	
0.000000	0.000000	1.000000	0.000000	
0.749999	-2.165065	0.000000	1.000000	

# bcabcb
-1.000001	0.000000	0.000000	0.000000	
0.000000	-1.000001	0.000000	0.000000	
0.000000	0.000000	1.000000	0.000000	
1.500001	-0.866026	0.000000	1.000000	

# bcac
0.500001	-0.866026	0.000000	0.000000	
0.866026	0.500001	0.000000	0.000000	
0.000000	0.000000	1.000000	0.000000	
0.749999	1.299039	0.000000	1.000000	

# bcaca
-0.500001	-0.866026	0.000000	0.000000	
-0.866026	0.500001	0.000000	0.000000	
0.000000	0.000000	1.000000	0.000000	
-0.749999	1.299039	0.000000	1.000000	

# bcacab
-0.500001	0.866026	0.000000	0.000000	
-0.866026	-0.500001	0.000000	0.000000	
0.000000	0.000000	1.000000	0.000000	
-0.749999	-1.299039	0.000000	1.000000	

# bcacabc
-0.500001	0.866027	0.000000	0.000000	
0.866027	0.500001	0.000000	0.000000	
0.000000	0.000000	1.000000	0.000000	
2.250001	0.433013	0.000000	1.000000	

# bcacabca
0.500001	0.866027	0.000000	0.000000	
-0.866027	0.500001	0.000000	0.000000	
0.000000	0.000000	1.000000	0.000000	
-2.250001	0.433013	0.000000	1.000000	

# bcacabcab
0.500001	-0.866027	0.000000	0.000000	
-0.866027	-0.500001	0.000000	0.000000	
0.000000	0.000000	1.000000	0.000000	
-2.250001	-0.433013	0.000000	1.000000	

# bcacabcabc
0.500002	-0.866027	0.000000	0.000000	
0.866027	0.500002	0.000000	0.000000	
0.000000	0.000000	1.000000	0.000000	
2.250001	2.165066	0.000000	1.000000	

# bcacabcabca
-0.500002	-0.866027	0.000000	0.000000	
-0.866027	0.500002	0.000000	0.000000	
0.000000	0.000000	1.000000	0.000000	
-2.250001	2.165066	0.000000	1.000000	

# bcacabcabcab
-0.500002	0.866027	0.000000	0.000000	
-0.866027	-0.500002	0.000000	0.000000	
0.000000	0.000000	1.000000	0.000000	
-2.250001	-2.165066	0.000000	1.000000	

# bcacabcabcabc
-0.500001	0.866028	0.000000	0.000000	
0.866028	0.500001	0.000000	0.000000	
0.000000	0.000000	1.000000	0.000000	
3.750004	1.299039	0.000000	1.000000	

# bcacabcabcabca
0.500001	0.866028	0.000000	0.000000	
-0.866028	0.500001	0.000000	0.000000	
0.000000	0.000000	1.000000	0.000000	
-3.750004	1.299039	0.000000	1.000000	

# bcacabcabcabcab
0.500001	-0.866028	0.000000	0.000000	
-0.866028	-0.500001	0.000000	0.000000	
0.000000	0.000000	1.000000	0.000000	
-3.750004	-1.299039	0.000000	1.000000	

# bcacabcabcabcac
-1.000003	0.000000	0.000000	0.000000	
0.000000	1.000003	0.000000	0.000000	
0.000000	0.000000	1.000000	0.000000	
1.500001	4.330133	0.000000	1.000000	

# bcacabcabcabcb
-0.500001	-0.866028	0.000000	0.000000	
0.866028	-0.500001	0.000000	0.000000	
0.000000	0.000000	1.000000	0.000000	
3.750004	-1.299039	0.000000	1.000000	

# bcacabcabcac
1.000003	0.000000	0.000000	0.000000	
0.000000	1.000003	0.000000	0.000000	
0.000000	0.000000	1.000000	0.000000	
-0.000003	3.464105	0.000000	1.000000	

# bcacabcabcacb
1.000003	0.000000	0.000000	0.000000	
0.000000	-1.000003	0.000000	0.000000	
0.000000	0.000000	1.000000	0.000000	
-0.000003	-3.464105	0.000000	1.000000	

# bcacabcabcb
0.500002	0.866027	0.000000	0.000000	
0.866027	-0.500002	0.000000	0.000000	
0.000000	0.000000	1.000000	0.000000	
2.250001	-2.165066	0.000000	1.000000	

# bcacabcac
-1.000002	0.000000	0.000000	0.000000	
0.000000	1.000002	0.000000	0.000000	
0.000000	0.000000	1.000000	0.000000	
1.500001	2.598079	0.000000	1.000000	

# bcacabcaca
1.000002	0.000000	0.000000	0.000000	
0.000000	1.000002	0.000000	0.000000	
0.000000	0.000000	1.000000	0.000000	
-1.500001	2.598079	0.000000	1.000000	

# bcacabcacab
1.000002	0.000000	0.000000	0.000000	
0.000000	-1.000002	0.000000	0.000000	
0.000000	0.000000	1.000000	0.000000	
-1.500001	-2.598079	0.000000	1.000000	

# bcacabcacabc
-0.500001	-0.866028	0.000000	0.000000	
0.866028	-0.500001	0.000000	0.000000	
0.000000	0.000000	1.000000	0.000000	
3.750004	0.433013	0.000000	1.000000	

# bcacabcacabca
0.500001	-0.866028	0.000000	0.000000	
-0.866028	-0.500001	0.000000	0.000000	
0.000000	0.000000	1.000000	0.000000	
-3.750004	0.433013	0.000000	1.000000	

# bcacabcacabcac
0.500002	-0.866028	0.000000	0.000000	
0.866028	0.500002	0.000000	0.000000	
0.000000	0.000000	1.000000	0.000000	
2.250002	3.897120	0.000000	1.000000	

# bcacabcacabcaca
-0.500002	-0.866028	0.000000	0.000000	
-0.866028	0.500002	0.000000	0.000000	
0.000000	0.000000	1.000000	0.000000	
-2.250002	3.897120	0.000000	1.000000	

# bcacabcacabcacb
0.500002	0.866028	0.000000	0.000000	
0.866028	-0.500002	0.000000	0.000000	
0.000000	0.000000	1.000000	0.000000	
2.250002	-3.897120	0.000000	1.000000	

# bcacabcacb
-1.000002	0.000000	0.000000	0.000000	
0.000000	-1.000002	0.000000	0.000000	
0.000000	0.000000	1.000000	0.000000	
1.500001	-2.598079	0.000000	1.000000	

# bcacabcb
-0.500001	-0.866027	0.000000	0.000000	
0.866027	-0.500001	0.000000	0.000000	
0.000000	0.000000	1.000000	0.000000	
2.250001	-0.433013	0.000000	1.000000	

# bcacac
1.000002	0.000000	0.000000	0.000000	
0.000000	1.000002	0.000000	0.000000	
0.000000	0.000000	1.000000	0.000000	
-0.000002	1.732052	0.000000	1.000000	

# bcacacb
1.000002	0.000000	0.000000	0.000000	
0.000000	-1.000002	0.000000	0.000000	
0.000000	0.000000	1.000000	0.000000	
-0.000002	-1.732052	0.000000	1.000000	

# bcacb
0.500001	0.866026	0.000000	0.000000	
0.866026	-0.500001	0.000000	0.000000	
0.000000	0.000000	1.000000	0.000000	
0.749999	-1.299039	0.000000	1.000000	

# bcb
-0.500000	0.866026	0.000000	0.000000	
0.866026	0.500000	0.000000	0.000000	
0.000000	0.000000	1.000000	0.000000	
0.750000	-0.433013	0.000000	1.000000	

# c
-0.500000	-0.866026	0.000000	0.000000	
-0.866026	0.500000	0.000000	0.000000	
0.000000	0.000000	1.000000	0.000000	
0.750000	0.433013	0.000000	1.000000	

# ca
0.500000	-0.866026	0.000000	0.000000	
0.866026	0.500000	0.000000	0.000000	
0.000000	0.000000	1.000000	0.000000	
-0.750000	0.433013	0.000000	1.000000	

# cab
0.500000	0.866026	0.000000	0.000000	
0.866026	-0.500000	0.000000	0.000000	
0.000000	0.000000	1.000000	0.000000	
-0.750000	-0.433013	0.000000	1.000000	

# cabc
-1.000001	0.000000	0.000000	0.000000	
0.000000	-1.000001	0.000000	0.000000	
0.000000	0.000000	1.000000	0.000000	
1.500001	0.866026	0.000000	1.000000	

# cabca
1.000001	0.000000	0.000000	0.000000	
0.000000	-1.000001	0.000000	0.000000	
0.000000	0.000000	1.000000	0.000000	
-1.500001	0.866026	0.000000	1.000000	

# cabcab
1.000001	0.000000	0.000000	0.000000	
0.000000	1.000001	0.000000	0.000000	
0.000000	0.000000	1.000000	0.000000	
-1.500001	-0.866026	0.000000	1.000000	

# cabcabc
-0.500001	-0.866027	0.000000	0.000000	
-0.866027	0.500001	0.000000	0.000000	
0.000000	0.000000	1.000000	0.000000	
2.250001	1.299039	0.000000	1.000000	

# cabcabca
0.500001	-0.866027	0.000000	0.000000	
0.866027	0.500001	0.000000	0.000000	
0.000000	0.000000	1.000000	0.000000	
-2.250001	1.299039	0.000000	1.000000	

# cabcabcab
0.500001	0.866027	0.000000	0.000000	
0.866027	-0.500001	0.000000	0.000000	
0.000000	0.000000	1.000000	0.000000	
-2.250001	-1.299039	0.000000	1.000000	

# cabcabcabc
-1.000002	0.000000	0.000000	0.000000	
0.000000	-1.000002	0.000000	0.000000	
0.000000	0.000000	1.000000	0.000000	
3.000003	1.732053	0.000000	1.000000	

# cabcabcabca
1.000002	0.000000	0.000000	0.000000	
0.000000	-1.000002	0.000000	0.000000	
0.000000	0.000000	1.000000	0.000000	
-3.000003	1.732053	0.000000	1.000000	

# cabcabcabcab
1.000002	0.000000	0.000000	0.000000	
0.000000	1.000002	0.000000	0.000000	
0.000000	0.000000	1.000000	0.000000	
-3.000003	-1.732053	0.000000	1.000000	

# cabcabcabcabc
-0.500001	-0.866028	0.000000	0.000000	
-0.866028	0.500001	0.000000	0.000000	
0.000000	0.000000	1.000000	0.000000	
3.750004	2.165067	0.000000	1.000000	

# cabcabcabcabca
0.500001	-0.866028	0.000000	0.000000	
0.866028	0.500001	0.000000	0.000000	
0.000000	0.000000	1.000000	0.000000	
-3.750004	2.165067	0.000000	1.000000	

# cabcabcabcabcab
0.500001	0.866028	0.000000	0.000000	
0.866028	-0.500001	0.000000	0.000000	
0.000000	0.000000	1.000000	0.000000	
-3.750004	-2.165067	0.000000	1.000000	

# cabcabcabcabcac
0.500002	-0.866028	0.000000	0.000000	
-0.866028	-0.500002	0.000000	0.000000	
0.000000	0.000000	1.000000	0.000000	
0.749998	4.763147	0.000000	1.000000	

# cabcabcabcabcb
-0.500001	0.866028	0.000000	0.000000	
-0.866028	-0.500001	0.000000	0.000000	
0.000000	0.000000	1.000000	0.000000	
3.750004	-2.165067	0.000000	1.000000	

# cabcabcabcac
-0.500001	-0.866028	0.000000	0.000000	
0.866028	-0.500001	0.000000	0.000000	
0.000000	0.000000	1.000000	0.000000	
0.749998	3.897120	0.000000	1.000000	

# cabcabcabcaca
0.500001	-0.866028	0.000000	0.000000	
-0.866028	-0.500001	0.000000	0.000000	
0.000000	0.000000	1.000000	0.000000	
-0.749998	3.897120	0.000000	1.000000	

# cabcabcabcacab
0.500001	0.866028	0.000000	0.000000	
-0.866028	0.500001	0.000000	0.000000	
0.000000	0.000000	1.000000	0.000000	
-0.749998	-3.897120	0.000000	1.000000	

# cabcabcabcacabc
-1.000003	0.000000	0.000000	0.000000	
0.000000	1.000003	0.000000	0.000000	
0.000000	0.000000	1.000000	0.000000	
4.500006	-0.866029	0.000000	1.000000	

# cabcabcabcacb
-0.500001	0.866028	0.000000	0.000000	
0.866028	0.500001	0.000000	0.000000	
0.000000	0.000000	1.000000	0.000000	
0.749998	-3.897120	0.000000	1.000000	

# cabcabcabcb
-1.000002	0.000000	0.000000	0.000000	
0.000000	1.000002	0.000000	0.000000	
0.000000	0.000000	1.000000	0.000000	
3.000003	-1.732053	0.000000	1.000000	

# cabcabcac
0.500002	-0.866027	0.000000	0.000000	
-0.866027	-0.500002	0.000000	0.000000	
0.000000	0.000000	1.000000	0.000000	
0.749999	3.031092	0.000000	1.000000	

# cabcabcaca
-0.500002	-0.866027	0.000000	0.000000	
0.866027	-0.500002	0.000000	0.000000	
0.000000	0.000000	1.000000	0.000000	
-0.749999	3.031092	0.000000	1.000000	

# cabcabcacab
-0.500002	0.866027	0.000000	0.000000	
0.866027	0.500002	0.000000	0.000000	
0.000000	0.000000	1.000000	0.000000	
-0.749999	-3.031092	0.000000	1.000000	

# cabcabcacabc
-0.500001	0.866028	0.000000	0.000000	
-0.866028	-0.500001	0.000000	0.000000	
0.000000	0.000000	1.000000	0.000000	
3.750004	-0.433015	0.000000	1.000000	

# cabcabcacabca
0.500001	0.866028	0.000000	0.000000	
0.866028	-0.500001	0.000000	0.000000	
0.000000	0.000000	1.000000	0.000000	
-3.750004	-0.433015	0.000000	1.000000	

# cabcabcacabcac
-1.000003	0.000000	0.000000	0.000000	
0.000000	-1.000003	0.000000	0.000000	
0.000000	0.000000	1.000000	0.000000	
3.000004	3.464107	0.000000	1.000000	

# cabcabcacabcaca
1.000003	0.000000	0.000000	0.000000	
0.000000	-1.000003	0.000000	0.000000	
0.000000	0.000000	1.000000	0.000000	
-3.000004	3.464107	0.000000	1.000000	

# cabcabcacabcacb
-1.000003	0.000000	0.000000	0.000000	
0.000000	1.000003	0.000000	0.000000	
0.000000	0.000000	1.000000	0.000000	
3.000004	-3.464107	0.000000	1.000000	

# cabcabcacb
0.500002	0.866027	0.000000	0.000000	
-0.866027	0.500002	0.000000	0.000000	
0.000000	0.000000	1.000000	0.000000	
0.749999	-3.031092	0.000000	1.000000	

# cabcabcb
-0.500001	0.866027	0.000000	0.000000	
-0.866027	-0.500001	0.000000	0.000000	
0.000000	0.000000	1.000000	0.000000	
2.250001	-1.299039	0.000000	1.000000	

# cabcac
-0.500001	-0.866027	0.000000	0.000000	
0.866027	-0.500001	0.000000	0.000000	
0.000000	0.000000	1.000000	0.000000	
0.749999	2.165065	0.000000	1.000000	

# cabcaca
0.500001	-0.866027	0.000000	0.000000	
