DISCGRP
(group 1___1 )
(comment "  This is a companion file to one using UHS model  " )
(attribute Hyperbolic )
(dimn 3 )
(ngens 24 )
(gens
a
   -0.97662032   -0.21497168             0             0
    0.21497168   -0.97662032             0             0
             0             0     1.3177842    0.85822791
             0             0    0.85822791     1.3177842

b
    -1.3864428   -0.29766202   -0.40860799     1.0852588
    0.40280136     1.3102623    0.27052286   -0.97581714
    0.09639053   -0.01780214     -1.031155    0.26997912
    -1.0458316   -0.89761186   -0.55083919     1.7896633

c
      1.440619  -0.095338017     1.0245838     1.4609053
    0.57237208    -1.2156399    0.74689615     1.1675805
    0.45720959   -0.17635895   -0.88609421    -0.1590789
     1.2696589    -0.7197029     1.1801648     2.1266863

d
     1.2900393    0.58874869    0.39294231     1.0794582
   -0.11171465    -1.3662196   -0.48098272    -1.0537461
  -0.097963899  -0.0033352999    -1.1271361   -0.52919179
    0.82841921     1.1014502    0.81005186     1.8856444

e
    0.62794101    -0.9441911    0.30952233    0.61774665
     1.0159307      2.467978    0.44843537    -2.5147812
   -0.52255696   -0.27599698    0.87036377    0.32676169
   -0.83635569    -2.4614196   -0.23330544     2.7950866

f
     -1.235863   -0.28128538   -0.28035775   -0.82769519
    0.38642472     1.4608421    0.55420893     1.2611628
    0.58187717    0.94090009   -0.79011309    0.92095208
     1.0076023     1.4486111    0.10013379     2.0307052

g
     2.4541793     1.1428077    0.65525067     2.5996842
   -0.81731409    0.64173985    0.30177477   -0.41340092
   -0.45397869   -0.63223839    0.80487323   -0.50362974
     2.4283934     1.0571494    0.41017345     2.8605771

h
    0.30005077    -2.5304751    0.75347096     2.4619207
   -0.32548729   -0.53985906   -0.82002467    0.26425403
    0.96668142     1.6979145   -0.88937283    -1.8995712
    -0.3611722    -2.9287653     1.0154521     3.2770803

i
    -1.5299816     0.3544372    -1.1611909    -1.6777465
   -0.24929789     1.1667236   -0.50917745   -0.82622945
     1.6921601   -0.85007215   -0.15483063     1.6155499
     2.0655265    -1.0997692    0.79473162     2.6659875

j
   -0.33836097   -0.36984065   -0.88202769   -0.17100596
    -2.5748286   0.098552622    0.47682229    -2.4221509
     1.3748474     1.0360756   -0.66142303     1.5495608
     2.7630482    0.46898544   -0.66544175     3.0491304

k
   -0.22306508     2.5873678   -0.55957294    -2.4611688
    0.38237992   -0.01674323    0.96282762     0.2711674
    0.96390945   -0.27606332   -0.30051211    0.30925691
    0.35368595     -2.402283    0.57486212     2.6882195

l
     1.1465005    0.54038453    -1.0798022    -1.3313345
  -0.063350499    -1.5097585     1.8126929      2.137578
    -0.3660062    -1.0439892   -0.25081176    0.53551894
   -0.67263454    -1.6313491     1.8747625     2.7619689

A
   -0.97662026    0.21497166             0             0
   -0.21497166    -0.9766202             0             0
             0             0     1.3177842   -0.85822791
             0             0   -0.85822791     1.3177842

B
    -1.3864427    0.40280119   0.096390538     1.0458313
   -0.29766193     1.3102624  -0.017802164     0.8976118
    -0.4086079    0.27052283     -1.031155    0.55083907
    -1.0852586    0.97581714   -0.26997912     1.7896631

C
     1.4406192    0.57237226    0.45720965    -1.2696588
  -0.095338285    -1.2156401   -0.17635888    0.71970302
     1.0245839    0.74689627   -0.88609421    -1.1801649
    -1.4609057    -1.1675806    0.15907888     2.1266866

D
     1.2900394   -0.11171502  -0.097963981   -0.82841969
    0.58874887    -1.3662201  -0.0033354163    -1.1014504
    0.39294237   -0.48098293    -1.1271362   -0.81005198
    -1.0794584     1.0537466    0.52919197     1.8856449

E
    0.62794113     1.0159302   -0.52255696    0.83635473
   -0.94419086     2.4679773   -0.27599686     2.4614189
    0.30952233    0.44843531    0.87036383    0.23330536
   -0.61774635     2.5147805    -0.3267616     2.7950857

F
     -1.235863    0.38642484    0.58187723    -1.0076026
   -0.28128546     1.4608424    0.94090027    -1.4486114
   -0.28035778    0.55420905   -0.79011309   -0.10013387
    0.82769519     -1.261163    -0.9209522     2.0307055

G
     2.4541783   -0.81731403   -0.45397839    -2.4283924
     1.1428076     0.6417399   -0.63223839    -1.0571494
    0.65525049    0.30177474    0.80487323    -0.4101733
    -2.5996838    0.41340089    0.50362951     2.8605766

H
    0.30005026   -0.32548726     0.9666813    0.36117125
    -2.5304751   -0.53985912     1.6979146     2.9287655
     0.7534709   -0.82002467   -0.88937283     -1.015452
    -2.4619207   -0.26425406     1.8995712     3.2770801

I
    -1.5299816   -0.24929792     1.6921606    -2.0655265
    0.35443732     1.1667237   -0.85007226     1.0997694
    -1.1611909   -0.50917745   -0.15483057   -0.79473162
     1.6777468    0.82622957    -1.6155503      2.665988

J
    -0.3383607    -2.5748267     1.3748462    -2.7630458
   -0.36984065   0.098552689     1.0360756   -0.46898535
   -0.88202769    0.47682196   -0.66142285    0.66544139
    0.17100574     2.4221487    -1.5495596     3.0491281

K
   -0.22306508    0.38237989    0.96390939   -0.35368603
     2.5873671  -0.016743302   -0.27606314      2.402282
   -0.55957282    0.96282774   -0.30051219   -0.57486194
     2.4611681   -0.27116752    -0.3092567     2.6882186

L
     1.1465006   -0.06335026   -0.36600628    0.67263442
    0.54038453    -1.5097582    -1.0439894     1.6313488
    -1.0798022     1.8126929   -0.25081161    -1.8747625
     1.3313345    -2.1375778   -0.53551924     2.7619686

)
(cpoint 0.000000 0.000000 0.000000 1.000000 )
