GROUP

1               0               0               0
 

0               1               0               0
 

0               0               1               0
 

0.75            0               0               1.                
 

    0.309017        0.              0.951057        0.
     

    0.              1.              0.              0.
     

    -0.951057       0.              0.309017        0.
     

   0.231763        0.              0.713292        1.                
 

    -0.809017       0.              0.587785        0.
     

    0.              1.              0.              0.
     

    -0.587785       0.              -0.809017       0.
     

   -0.606763       0.              0.440839        1.                
 

    -0.809017       0.              -0.587785       0.
     

    0.              1.              0.              0.
     

    0.587785        0.              -0.809017       0.
     

   -0.606763       0.              -0.440839       1.                
 

    0.309017        0.              -0.951057       0.
     

    0.              1.              0.              0.
     

    0.951057        0.              0.309017        0.
     

   0.231763        0.              -0.713292       1.                
 

    0.              -1.             0.              0.
     

    0.809017        0.              0.587785        0.
     

    -0.587785       0.              0.809017        0.
     

   0.566312        0.              0.41145         1.                
 

    0.              -1.             0.              0.
     

    -0.309017       0.              0.951057        0.
     

    -0.951057       0.              -0.309017       0.
     

   -0.216312       0.              0.66574         1.                
 

    0.              -1.             0.              0.
     

    -1.             0.              0.              0.
     

    0.              0.              -1.             0.
     
   -0.7            0.             0.0     1.                
 

    0.              -1.             0.              0.
     

    -0.309017       0.              -0.951057       0.
     

    0.951057        0.              -0.309017       0.
     

   -0.216312       0.              -0.66574        1.                
 

    0.              -1.             0.              0.
     

    0.809017        0.              -0.587785       0.
     

    0.587785        0.              0.809017        0.
     

   0.566312        0.              -0.41145        1.
unit { =
INST
transform
.35 0 0 0
0 .4 0 0
0 0 .48 0
0 0 0 1

unit < antoine2.oogl
}
