GROUP

1 0 0 0
0 1 0 0
0 0 1 0
0 0 0 1

0.309017 0.951057 0 0
-0.951057 0.309017 0 0
0 0 1 0
0 0 0 1

-0.809017 0.587785 0 0
-0.587785 -0.809017 0 0
0 0 1 0
0 0 0 1

-0.809017 -0.587785 0 0
0.587785 -0.809017 0 0
0 0 1 0
0 0 0 1

0.309017 -0.951057 0 0
0.951057 0.309017 0 0
0 0 1 0
0 0 0 1

-1 0 0 0
0 -0.447214 0.894427 0
0 0.894427 0.447214 0
0 0 0 1

-0.309017 -0.425325 0.850651 0
0.951057 -0.138197 0.276393 0
0 0.894427 0.447214 0
0 0 0 1

0.809017 -0.262866 0.525731 0
0.587785 0.361803 -0.723607 0
0 0.894427 0.447214 0
0 0 0 1

0.809017 0.262866 -0.525731 0
-0.587785 0.361803 -0.723607 0
0 0.894427 0.447214 0
0 0 0 1

-0.309017 0.425325 -0.850651 0
-0.951057 -0.138197 0.276393 0
0 0.894427 0.447214 0
0 0 0 1

-0.309017 -0.951057 0 0
0.425325 -0.138197 0.894427 0
-0.850651 0.276393 0.447214 0
0 0 0 1

0.309017 -0.425325 0.850651 0
0.425325 0.861803 0.276393 0
-0.850651 0.276393 0.447214 0
0 0 0 1

0.5 0.688191 0.525731 0
-0.16246 0.67082 -0.723607 0
-0.850651 0.276393 0.447214 0
0 0 0 1

5.08989e-09 0.850651 -0.525731 0
-0.525731 -0.447214 -0.723607 0
-0.850651 0.276393 0.447214 0
0 0 0 1

-0.5 -0.16246 -0.850651 0
-0.16246 -0.947214 0.276393 0
-0.850651 0.276393 0.447214 0
0 0 0 1

0.809017 -0.587785 0 0
0.262866 0.361803 0.894427 0
-0.525731 -0.723607 0.447214 0
0 0 0 1

0.5 0.16246 0.850651 0
-0.688191 0.67082 0.276393 0
-0.525731 -0.723607 0.447214 0
0 0 0 1

-0.5 0.688191 0.525731 0
-0.688191 0.0527864 -0.723607 0
-0.525731 -0.723607 0.447214 0
0 0 0 1

-0.809017 0.262866 -0.525731 0
0.262866 -0.638197 -0.723607 0
-0.525731 -0.723607 0.447214 0
0 0 0 1

1.85405e-08 -0.525731 -0.850651 0
0.850651 -0.447214 0.276393 0
-0.525731 -0.723607 0.447214 0
0 0 0 1

0.809017 0.587785 0 0
-0.262866 0.361803 0.894427 0
0.525731 -0.723607 0.447214 0
0 0 0 1

-5.57011e-09 0.525731 0.850651 0
-0.850651 -0.447214 0.276393 0
0.525731 -0.723607 0.447214 0
0 0 0 1

-0.809017 -0.262866 0.525731 0
-0.262866 -0.638197 -0.723607 0
0.525731 -0.723607 0.447214 0
0 0 0 1

-0.5 -0.688191 -0.525731 0
0.688191 0.0527864 -0.723607 0
0.525731 -0.723607 0.447214 0
0 0 0 1

0.5 -0.16246 -0.850651 0
0.688191 0.670821 0.276393 0
0.525731 -0.723607 0.447214 0
0 0 0 1

-0.309017 0.951057 0 0
-0.425325 -0.138197 0.894427 0
0.850651 0.276393 0.447214 0
0 0 0 1

-0.5 0.16246 0.850651 0
0.16246 -0.947214 0.276393 0
0.850651 0.276393 0.447214 0
0 0 0 1

1.35325e-08 -0.850651 0.525731 0
0.525731 -0.447214 -0.723607 0
0.850651 0.276393 0.447214 0
0 0 0 1

0.5 -0.688191 -0.525731 0
0.16246 0.670821 -0.723607 0
0.850651 0.276393 0.447214 0
0 0 0 1

0.309017 0.425325 -0.850651 0
-0.425325 0.861804 0.276393 0
0.850651 0.276393 0.447214 0
0 0 0 1

1 -3.50347e-08 2.6656e-08 0
3.50347e-08 -1 0 0
-2.39749e-08 -1.55298e-08 -1 0
0 0 0 1

0.309017 0.951057 2.6656e-08 0
0.951057 -0.309017 0 0
7.36109e-09 -2.76005e-08 -1 0
0 0 0 1

-0.809017 0.587785 2.6656e-08 0
0.587785 0.809017 0 0
2.85243e-08 -1.52821e-09 -1 0
0 0 0 1

-0.809017 -0.587785 2.6656e-08 0
-0.587785 0.809017 0 0
1.02679e-08 2.6656e-08 -1 0
0 0 0 1

0.309017 -0.951057 2.6656e-08 0
-0.951057 -0.309017 0 0
-2.21784e-08 1.80025e-08 -1 0
0 0 0 1

-1 3.95099e-08 -1.94151e-08 0
-3.50347e-08 0.447214 -0.894427 0
2.39749e-08 -0.894427 -0.447214 0
0 0 0 1

-0.309017 -0.425325 0.850651 0
-0.951057 0.138197 -0.276393 0
-7.36109e-09 -0.894427 -0.447214 0
0 0 0 1

0.809017 -0.262866 0.525731 0
-0.587785 -0.361803 0.723607 0
-2.85243e-08 -0.894427 -0.447214 0
0 0 0 1

0.809017 0.262866 -0.525731 0
0.587785 -0.361803 0.723607 0
-1.02679e-08 -0.894427 -0.447214 0
0 0 0 1

-0.309017 0.425326 -0.850651 0
0.951057 0.138197 -0.276393 0
2.21784e-08 -0.894427 -0.447214 0
0 0 0 1

-0.309017 -0.951057 -1.94151e-08 0
-0.425325 0.138197 -0.894427 0
0.850651 -0.276393 -0.447214 0
0 0 0 1

0.309017 -0.425326 0.850651 0
-0.425325 -0.861804 -0.276393 0
0.850651 -0.276393 -0.447214 0
0 0 0 1

0.5 0.688191 0.525731 0
0.16246 -0.670821 0.723607 0
0.850651 -0.276393 -0.447214 0
0 0 0 1

8.3379e-10 0.850651 -0.525731 0
0.525731 0.447214 0.723607 0
0.850651 -0.276393 -0.447214 0
0 0 0 1

-0.5 -0.16246 -0.850651 0
0.16246 0.947214 -0.276393 0
0.850651 -0.276393 -0.447214 0
0 0 0 1

0.809017 -0.587785 -1.94151e-08 0
-0.262866 -0.361803 -0.894427 0
0.525731 0.723607 -0.447214 0
0 0 0 1

0.5 0.16246 0.850651 0
0.688191 -0.670821 -0.276393 0
0.525731 0.723607 -0.447214 0
0 0 0 1

-0.5 0.688191 0.525731 0
0.688191 -0.0527864 0.723607 0
0.525731 0.723607 -0.447214 0
0 0 0 1

-0.809017 0.262866 -0.525731 0
-0.262866 0.638197 0.723607 0
0.525731 0.723607 -0.447214 0
0 0 0 1

-2.52757e-08 -0.525731 -0.850651 0
-0.850651 0.447214 -0.276393 0
0.525731 0.723607 -0.447214 0
0 0 0 1

0.809017 0.587785 -1.94151e-08 0
0.262866 -0.361803 -0.894427 0
-0.525731 0.723607 -0.447214 0
0 0 0 1

3.82461e-08 0.525731 0.850651 0
0.850651 0.447214 -0.276393 0
-0.525731 0.723607 -0.447214 0
0 0 0 1

-0.809017 -0.262866 0.525731 0
0.262866 0.638197 0.723607 0
-0.525731 0.723607 -0.447214 0
0 0 0 1

-0.5 -0.688191 -0.525731 0
-0.688191 -0.0527865 0.723607 0
-0.525731 0.723607 -0.447214 0
0 0 0 1

0.5 -0.16246 -0.850651 0
-0.688191 -0.670821 -0.276393 0
-0.525731 0.723607 -0.447214 0
0 0 0 1

-0.309017 0.951057 -1.94151e-08 0
0.425325 0.138197 -0.894427 0
-0.850651 -0.276393 -0.447214 0
0 0 0 1

-0.5 0.16246 0.850651 0
-0.16246 0.947214 -0.276393 0
-0.850651 -0.276393 -0.447214 0
0 0 0 1

1.77886e-08 -0.850651 0.525731 0
-0.525731 0.447214 0.723607 0
-0.850651 -0.276393 -0.447214 0
0 0 0 1

0.5 -0.688191 -0.525731 0
-0.16246 -0.670821 0.723607 0
-0.850651 -0.276393 -0.447214 0
0 0 0 1

0.309017 0.425326 -0.850651 0
0.425326 -0.861804 -0.276393 0
-0.850651 -0.276393 -0.447214 0
0 0 0 1

unit
{
=
CQUAD
0.000000 0.000000 5.137791  .8 .8 .8 .5
0.425325 0.138197 0.723607  .8 .8 .8 .5
0.000000 0.525731 0.850651  .8 .8 .8 .5
0.000000 0.000000 5.137791  .8 .8 .8 .5

0.425325 0.138197 0.723607  .8 .8 .8 .5
0.994885 1.369342 2.215641  .8 .8 .8 .5
0.000000 0.525731 0.850651  .8 .8 .8 .5
0.425325 0.138197 0.723607  .8 .8 .8 .5
}
